0.000000 0.000000
0.307487 0.000000
0.718583 0.000000
0.983289 0.000000
1.381016 0.000000
4.949866 0.000000
9.041444 0.000000
18.324198 0.000000
29.709225 0.000000
0.983289 0.000000

0.000529 0.000111
-0.271152 0.329913
-0.200878 0.696669
0.249358 -0.964102
-1.518889 0.652212
4.449799 2.223830
8.888347 1.699993
18.286882 1.193796
29.695032 0.922213
-2.008520 4.130048

0.001993 0.000661
-0.403640 -0.201620
-0.626662 -0.366579
-0.861655 -0.532010
0.616623 -1.316160
3.062307 4.006289
8.435172 3.342986
18.175113 2.382758
29.652467 1.843549
-4.861479 6.396510

0.004099 0.001968
0.228427 -0.230629
0.517615 -0.502761
-0.775637 0.649143
-0.455097 1.486396
1.085355 5.022670
7.699627 4.874582
17.989417 3.562069
29.581575 2.763133
-7.465503 8.316485

0.006474 0.004193
-0.073676 0.386307
0.343739 0.641766
0.391603 0.920000
-0.802153 -1.360889
-1.091747 5.127720
6.709668 6.245606
17.730651 4.726960
29.482426 3.680087
-9.931250 10.080059

0.008742 0.007322
-0.455663 -0.027798
-0.701089 0.171974
0.981327 -0.138527
0.943582 1.080322
-3.084039 4.354017
5.501769 7.414230
17.399996 5.872736
29.355116 4.593539
-12.307447 11.752233

0.010587 0.011198
0.040418 -0.347626
0.027022 -0.712123
0.117790 -0.981201
-1.621936 -0.311510
-4.575520 2.871897
4.118828 8.347413
16.998946 6.994806
29.199768 5.502618
-14.620228 13.363709

0.011789 0.015568
0.140840 0.339882
0.696552 0.234257
-0.918700 -0.392115
1.335103 -0.397723
-5.350158 0.940759
2.607911 9.021648
16.529301 8.088710
29.016533 6.406458
-16.885416 14.931638

0.012234 0.020152
-0.430357 0.158723
-0.388633 0.626034
-0.668119 0.768845
-1.320059 0.969499
-5.301965 -1.132805
1.018042 9.423080
15.993157 9.150136
28.805587 7.304200
-19.113393 16.466657

0.011905 0.024657
-0.169936 -0.332946
-0.478677 -0.512006
0.525160 0.872720
0.261580 -1.441753
-4.436873 -3.028398
-0.601781 9.547113
15.392891 10.174949
28.567132 8.194988
-21.311374 17.975845

0.010909 0.028780
0.292700 0.172024
0.652552 -0.295901
0.951615 -0.259879
-0.072426 1.544875
-2.873019 -4.442198
-2.204230 9.397644
14.731147 11.159207
28.301401 9.077976
-23.484597 19.464170

0.009459 0.032278
-0.333811 0.319411
0.139105 0.743332
-0.027075 -0.967697
-1.103783 -1.138220
-0.838907 -5.121594
-3.744943 8.986086
14.010820 12.099178
28.008649 9.952324
-25.637001 20.935260

0.007846 0.034996
-0.341841 -0.224629
-0.718998 -0.017851
-0.971043 -0.239699
1.191597 0.781987
1.338311 -4.908902
-5.183456 8.330284
13.235036 12.991358
27.689160 10.817201
-27.771625 22.391851

0.006427 0.036915
0.296568 -0.068531
0.239298 -0.646479
-0.560856 0.872172
-1.660669 0.058805
3.267795 -3.790810
-6.483833 7.453442
12.407130 13.832481
27.343244 11.671784
-29.890874 23.836064

0.005564 0.038188
-0.173146 0.416337
0.592090 0.454996
0.636171 0.800475
1.162239 -0.754342
4.564862 -1.935634
-7.615059 6.383106
11.530628 14.619532
26.971233 12.515261
-31.996680 25.269574

0.005528 0.039140
-0.440352 -0.065647
-0.558267 0.499166
0.893966 -0.385953
-1.072015 1.237964
4.949340 0.312662
-8.551240 5.150249
10.609223 15.349752
26.573485 13.346828
-34.090627 26.693732

0.006385 0.040187
0.148732 -0.259495
-0.301557 -0.617015
-0.173152 -0.946663
-0.125367 -1.477385
4.335295 2.506060
-9.271693 3.788462
9.646749 16.020646
26.150381 14.165696
-36.174027 28.109643

0.007999 0.041719
0.032396 0.420254
0.717536 -0.072382
-1.000025 -0.094426
0.305780 1.494233
2.861159 4.212260
-9.760956 2.333250
8.647160 16.629993
25.702328 14.971087
-38.247979 29.518225

0.010068 0.044027
-0.451195 0.114598
-0.079900 0.762752
-0.432761 0.949101
-1.349744 -0.869925
0.840643 5.126265
-10.008760 0.821417
7.614505 17.175852
25.229757 15.762240
-40.313417 30.920246

0.012213 0.047225
-0.062692 -0.316478
-0.666051 -0.218377
0.746600 0.707499
1.349387 0.409197
-1.333516 5.124749
-10.009996 -0.709481
6.552920 17.656579
24.733123 16.538405
-42.371138 32.316359

0.014074 0.051249
0.228267 0.313515
0.441647 -0.528772
0.830949 -0.501059
-1.608387 0.417089
-3.282122 4.258418
-9.764695 -2.221643
5.466609 18.070813
24.212906 17.298847
-44.421830 33.707120

0.015367 0.055906
-0.381646 0.289777
0.448644 0.631767
-0.303591 -0.897584
0.912495 -1.053067
-4.699707 2.709985
-9.278019 -3.677508
4.359820 18.417472
23.669606 18.042845
-46.466093 35.093010

0.015897 0.060935
-0.257700 -0.246310
-0.659666 0.333393
-1.001443 0.065906
-0.750703 1.445621
-5.382479 0.746089
-8.560269 -5.040252
3.236825 18.695749
23.103745 18.769694
-48.504448 36.474448

0.015568 0.066036
0.323977 0.106079
-0.081535 -0.651695
-0.293941 1.022553
-0.490450 -1.408104
-5.237138 -1.323402
-7.626896 -6.274316
2.101894 18.905100
22.515866 19.478708
-50.537359 37.851798

0.014410 0.070886
-0.247931 0.425157
0.725019 0.178079
0.836777 0.614889
0.672800 1.361261
-4.282608 -3.178175
-6.498476 -7.346001
0.959284 19.045251
21.906533 20.169215
-52.565231 39.225381

0.012567 0.075199
-0.395444 -0.097057
-0.288830 0.735505
0.740295 -0.592485
-1.525397 -0.536823
-2.650364 -4.518230
-5.200660 -8.224222
-0.186787 19.116188
21.276329 20.840565
-54.588429 40.595482

0.010269 0.078729
0.250323 -0.120999
-0.558100 -0.375561
-0.441508 -0.821989
1.390552 0.024766
-0.581798 -5.099699
-3.764166 -8.881457
-1.332143 19.118151
20.625861 21.492125
-56.607276 41.962354

0.007844 0.081327
-0.068735 0.482563
0.590249 -0.341153
-0.998803 0.227287
-1.491695 0.773084
1.585970 -4.779731
-2.224769 -9.294656
-2.472677 19.051630
19.955751 22.123283
-58.622064 43.326222

0.005681 0.082999
-0.456077 0.082582
0.245294 0.764118
-0.164058 1.071479
0.575664 -1.258270
3.459148 -3.565359
-0.622920 -9.446045
-3.604353 18.917354
19.266644 22.733445
-60.633054 44.687289

0.004156 0.083931
0.048391 -0.254776
-0.722119 0.144096
0.896806 0.500004
-0.408249 1.577433
4.661048 -1.646628
0.996988 -9.324131
-4.723224 18.716284
18.559200 23.322039
-62.640484 46.045737

0.003528 0.084463
0.127626 0.430939
0.126134 -0.627771
0.626431 -0.684208
-0.846595 -1.260091
4.930898 0.616673
2.587574 -8.924828
-5.825441 18.449601
17.834099 23.888512
-64.644570 47.401731

0.003873 0.085014
-0.429506 0.257594
0.648684 0.403430
-0.571624 -0.744703
0.975054 1.120198
4.208213 2.773231
4.099745 -8.252491
-6.907264 18.118695
17.092035 24.432331
-66.645508 48.755421

0.005051 0.085999
-0.171654 -0.253345
-0.480128 0.627609
-0.971068 0.370221
-1.636131 -0.193598
2.654040 4.401006
5.484327 -7.320731
-7.965066 17.725154
16.333717 24.952987
-68.643476 50.106943

0.006751 0.087702
0.283949 0.265106
-0.400118 -0.514082
-0.019837 1.087884
1.314954 -0.376554
0.595245 5.213642
6.694051 -6.152836
-8.995346 17.270747
15.559869 25.449992
-70.638638 51.456421

0.008617 0.090228
-0.321570 0.405804
0.691198 -0.135095
0.952186 0.369296
-1.294563 1.074358
-1.572844 5.107853
7.685781 -4.781690
-9.994738 16.757418
14.771232 25.922885
-72.631145 52.803969

0.010309 0.093525
-0.339018 -0.141399
0.033935 0.816720
0.515078 -0.759698
0.211804 -1.384654
-3.476263 4.151181
8.422822 -3.249049
-10.960019 16.187273
13.968560 26.371226
-74.621136 54.149691

0.011548 0.097418
0.312387 0.030938
-0.699893 -0.060012
-0.676164 -0.644575
-0.023188 1.611027
-4.819232 2.538494
8.877104 -1.604143
-11.888124 15.562581
13.152621 26.794600
-76.608739 55.493682

0.012148 0.101660
-0.155410 0.501156
0.343096 -0.539132
-0.914261 0.518409
-1.136234 -1.039305
-5.409868 0.544095
9.030973 0.098382
-12.776143 14.885765
12.324195 27.192613
-78.594071 56.836033

0.012036 0.105968
-0.431278 0.032819
0.530483 0.605682
0.129134 1.097157
1.220662 0.806528
-5.167901 -1.518481
8.878382 1.801023
-13.621320 14.159389
11.484074 27.564895
-80.577243 58.176823

0.011251 0.110063
0.174143 -0.163029
-0.613706 0.483638
0.985232 0.246069
-1.654753 0.175826
-4.125865 -3.329196
8.425306 3.446269
-14.421056 13.386146
10.633058 27.911103
-82.558355 59.516130

0.009918 0.113674
0.037888 0.510769
-0.198422 -0.580762
0.385846 -0.806017
1.138095 -0.723883
-2.428782 -4.592726
7.689333 4.979443
-15.172915 12.568841
9.771959 28.230915
-84.537503 60.854024

0.008275 0.116579
-0.444189 0.221417
0.726815 0.109588
-0.777803 -0.522939
-1.032655 1.342456
-0.330296 -5.075044
6.698480 6.351268
-15.874625 11.710384
8.901595 28.524037
-86.514774 62.190569

0.006640 0.118678
-0.054051 -0.228277
-0.187821 0.817256
-0.851705 0.659743
-0.173803 -1.398593
1.823742 -4.648716
5.489402 7.519925
-16.524083 10.813780
8.022795 28.790202
-88.490252 63.525828

0.005373 0.120009
0.216374 0.407737
-0.626900 -0.240887
0.263786 1.081590
0.351126 1.557162
3.637695 -3.340779
4.105217 8.452467
-17.119362 9.882122
7.136393 29.029168
-90.464012 64.859856

0.004815 0.120781
-0.377491 0.385955
0.513324 -0.388915
0.988035 0.110797
-1.381521 -0.757386
4.743325 -1.362135
2.593196 9.125540
-17.658709 8.918585
6.243234 29.240719
-92.436126 66.192706

0.005189 0.121347
-0.262813 -0.166937
0.348740 0.755610
0.244377 -0.845376
1.354196 0.430669
4.899138 0.912346
1.002531 9.525485
-18.140550 7.926414
5.344164 29.424666
-94.406663 67.524429

0.006515 0.122146
0.318025 0.199253
-0.701608 0.293994
-0.862341 -0.402033
-1.604446 0.530521
4.069891 3.028429
-0.617655 9.647916
-18.563487 6.908922
4.440040 29.580846
-96.375686 68.855071

0.008589 0.123569
-0.237318 0.502456
0.017878 -0.599789
-0.764716 0.778312
0.867714 -1.020117
2.439268 4.574673
-2.219950 9.496928
-18.926303 5.869477
3.531717 29.709120
-98.343253 70.184676

0.011081 0.125865
-0.393256 -0.019831
0.697965 0.337874
0.405336 1.037663
-0.712133 1.528871
0.347275 5.284027
-3.759923 9.084073
-19.227959 4.811497
2.620058 29.809378
-100.309422 71.513284

0.013607 0.129117
0.273160 -0.035949
-0.381173 0.739030
0.984662 -0.026590
-0.537988 -1.332961
-1.808650 5.074119
-5.197049 8.427227
-19.467590 3.738443
1.705925 29.881537
-102.274245 72.840935

0.015803 0.133231
-0.048843 0.553016
-0.480130 -0.398404
0.113055 -0.860255
0.717268 1.396360
-3.660816 4.029981
-6.495389 7.549479
-19.644508 2.653804
0.790184 29.925540
-104.237773 74.167664

0.017385 0.137995
-0.436278 0.169703
0.655776 -0.192899
-0.917071 -0.260577
-1.538135 -0.433006
-4.924467 2.358641
-7.624088 6.478231
-19.758197 1.561097
-0.126300 29.941360
-106.200051 75.493507

0.018174 0.143133
0.085143 -0.175419
0.154872 0.852934
-0.654711 0.898414
1.395293 0.035956
-5.420812 0.341246
-8.557531 5.244469
-19.808320 0.463847
-1.042656 29.928995
-108.161125 76.818496

0.018103 0.148346
0.145785 0.513901
-0.709215 0.102862
0.539802 0.991128
-1.460685 0.879265
-5.083237 -1.706505
-9.275229 3.881900
-19.794725 -0.634413
-1.958019 29.888471
-110.121038 78.142660

0.017207 0.153316
-0.401401 0.358302
0.243287 -0.532277
0.954925 -0.144918
0.541730 -1.211263
-3.957671 -3.466516
-9.761793 2.426128
-19.717448 -1.730147
-2.871522 29.819835
-112.079828 79.466031

0.015643 0.157746
-0.147620 -0.166853
0.606227 0.568793
-0.030841 -0.841893
-0.349783 1.658562
-2.201711 -4.649409
-10.006956 0.914016
-19.576709 -2.819825
-3.782301 29.723164
-114.037534 80.788634

0.013661 0.161417
0.291278 0.367799
-0.545496 0.627125
-0.967870 -0.103656
-0.877186 -1.161218
-0.079885 -5.031450
-10.005580 -0.616851
-19.372908 -3.899923
-4.689497 29.598559
-115.994193 82.110497

0.011585 0.164213
-0.299305 0.507320
-0.302879 -0.489800
-0.547397 1.004931
1.017872 1.160717
2.054530 -4.500234
-9.757652 -2.128651
-19.106621 -4.966936
-5.592254 29.446148
-117.949837 83.431643

0.009801 0.166166
-0.332649 -0.048611
0.718174 0.045158
0.648021 0.921975
-1.638962 -0.070210
3.804904 -3.101885
-9.268295 -3.583819
-18.778603 -6.017390
-6.489722 29.266088
-119.904501 84.752097

0.008664 0.167488
0.321701 0.138272
-0.074131 0.887113
0.892771 -0.266578
1.299347 -0.347417
4.811669 -1.067190
-8.547795 -4.945545
-18.389784 -7.047846
-7.381055 29.058559
-121.858215 86.071880

0.008389 0.168539
-0.140630 0.588555
-0.672488 -0.090174
-0.180993 -0.816537
-1.265090 1.186224
4.852433 1.214525
-7.611626 -6.178327
-17.941280 -8.054910
-8.265414 28.823769
-123.811008 87.391015

0.008980 0.169740
-0.426428 0.124294
0.430782 -0.414391
-1.000308 0.043446
0.162086 -1.319243
3.917100 3.286417
-6.480480 -7.248579
-17.434385 -9.035239
-9.141967 28.561950
-125.762909 88.709521

0.010255 0.171462
0.199139 -0.073739
0.449219 0.743061
-0.423551 1.080785
0.024720 1.680414
2.212071 4.748061
-5.180250 -8.125343
-16.870574 -9.985551
-10.009888 28.273362
-127.713944 90.027418

0.011885 0.173949
0.051819 0.587490
-0.660871 0.453244
0.752841 0.826719
-1.170099 -0.936700
0.090384 5.352425
-3.741950 -8.781089
-16.251504 -10.902626
-10.868361 27.958284
-129.664140 91.344724

0.013499 0.177245
-0.425085 0.313376
-0.090745 -0.539397
0.824759 -0.383343
1.246168 0.830411
-2.049096 5.038674
-2.201497 -9.192631
-15.579005 -11.783321
-11.716579 27.617023
-131.613521 92.661457

0.014771 0.181238
-0.023188 -0.151131
0.726373 0.281474
-0.313658 -0.769088
-1.648562 0.291144
-3.846073 3.909262
-0.599334 -9.342139
-14.855086 -12.624575
-12.553747 27.249909
-133.562110 93.977634

0.015448 0.185720
0.230715 0.494036
-0.279303 0.849086
-1.001769 0.200693
1.113667 -0.694901
-5.027781 2.182521
1.020207 -9.218207
-14.081923 -13.423415
-13.379080 26.857297
-135.509930 95.293271

0.015382 0.190421
-0.346749 0.484817
-0.557501 -0.258029
-0.284608 1.149861
-0.988131 1.442751
-5.428791 0.145373
2.609838 -8.816931
-13.261862 -14.176968
-14.191805 26.439569
-137.457002 96.608383

0.014534 0.195039
-0.240660 -0.079249
0.592725 -0.233101
0.842307 0.730648
-0.214491 -1.320519
-4.995712 -1.884923
4.120595 -8.142891
-12.397412 -14.882468
-14.991162 25.997128
-139.403347 97.922986

0.012987 0.199272
0.330589 0.308081
0.259338 0.878010
0.733930 -0.475776
0.405699 1.619357
-3.787312 -3.592151
5.503484 -7.209908
-11.491241 -15.537269
-15.776401 25.530402
-141.348985 99.237092

0.010916 0.202861
-0.212243 0.604760
-0.714716 0.270395
-0.449837 -0.693376
-1.400929 -0.638590
-1.973669 -4.692417
6.711465 -6.041448
-10.546173 -16.138861
-16.546787 25.039839
-143.293935 100.550716

0.008582 0.205602
-0.386587 0.081250
0.124057 -0.507710
-0.996561 0.361395
1.367811 0.462201
0.169234 -4.972066
7.701655 -4.670505
-9.565191 -16.684883
-17.301598 24.525908
-145.238215 101.863872

0.006348 0.207417
0.287248 0.076499
0.654271 0.519515
-0.153527 1.197415
-1.592015 0.657957
2.279914 -4.334383
8.437608 -3.138873
-8.551439 -17.173130
-18.040129 23.989100
-147.181842 103.176570

0.004604 0.208394
-0.040582 0.644762
-0.475076 0.754883
0.901388 0.615346
0.823912 -0.968621
3.960752 -2.846192
8.891425 -1.495725
-7.508208 -17.601557
-18.761690 23.429929
-149.124834 104.488823

0.003690 0.208786
-0.437172 0.268302
-0.409161 -0.388837
0.618801 -0.566210
-0.675876 1.628817
4.862507 -0.759778
9.045449 0.204456
-6.438931 -17.968286
-19.465607 22.848927
-151.067206 105.800644

0.003796 0.208986
0.100275 -0.089548
0.684071 -0.023041
-0.579890 -0.615056
-0.593009 -1.240157
4.784886 1.521039
8.893424 1.904514
-5.347169 -18.271614
-20.151224 22.246650
-153.008974 107.112042

0.004905 0.209443
0.144266 0.590239
0.035756 0.932430
-0.968306 0.503250
0.748807 1.443081
3.745374 3.539128
8.441157 3.547479
-4.236604 -18.510034
-20.817903 21.623671
-154.950153 108.423029

0.006791 0.210557
-0.392289 0.444614
-0.706157 0.060422
-0.009816 1.210848
-1.564700 -0.319217
1.973018 4.908656
7.706256 5.079125
-3.111032 -18.682238
-21.465023 20.980585
-156.890757 109.733614

0.009094 0.212551
-0.132750 -0.101527
0.333690 -0.431403
0.955430 0.481986
1.381810 0.052187
-0.168741 5.405126
6.716712 6.450355
-1.974353 -18.787137
-22.091979 20.318003
-158.830801 111.043808

0.011440 0.215469
0.295266 0.444535
0.534825 0.710042
0.507626 -0.642833
-1.445026 0.985279
-2.282946 4.989347
5.509019 7.619332
-0.830562 -18.823867
-22.698185 19.636555
-160.770297 112.353620

0.013478 0.219210
-0.272752 0.587247
-0.607673 0.599134
-0.681592 -0.515953
0.491957 -1.166565
-4.018866 3.779465
4.126079 8.552969
0.316263 -18.791801
-23.283077 18.936885
-162.709259 113.663060

0.014935 0.223561
-0.314631 0.022898
-0.200408 -0.468618
-0.907277 0.649378
-0.303041 1.730669
-5.116127 2.002955
2.614968 9.227696
1.461975 -18.690556
-23.846109 18.219655
-164.647699 114.972136

0.015654 0.228250
0.342191 0.231664
0.734078 0.214239
0.142658 1.218122
-0.915613 -1.071240
-5.421816 -0.049051
1.024733 9.629599
2.602368 -18.520001
-24.386759 17.485545
-166.585629 116.280856

0.015590 0.232978
-0.108477 0.671117
-0.171833 0.933516
0.990862 0.359092
1.055464 1.189142
-4.894533 -2.058350
-0.595587 9.754030
3.733196 -18.280263
-24.904524 16.735248
-168.523061 117.589229

0.014797 0.237447
-0.408189 0.214071
-0.621068 -0.117001
0.381425 -0.686067
-1.640253 0.044463
-3.604955 -3.710394
-2.198617 9.604857
4.850183 -17.971733
-25.398924 15.969477
-170.460005 118.897263

0.013429 0.241375
0.231353 0.024146
0.516785 -0.273298
-0.778954 -0.390370
1.285242 -0.323714
-1.735410 -4.726228
-3.739939 9.193479
5.949048 -17.595070
-25.869498 15.188954
-172.396473 120.204965

0.011754 0.244562
0.071125 0.671273
0.361588 0.875438
-0.841169 0.794038
-1.230656 1.295046
0.426235 -4.902081
-5.179040 8.537748
7.025519 -17.151201
-26.315808 14.394418
-174.332476 121.512343

0.010111 0.246940
-0.410488 0.409742
-0.696192 0.426012
0.278113 1.205773
0.114689 -1.250797
2.509818 -4.157590
-6.479944 7.660887
8.075360 -16.641332
-26.737438 13.586618
-176.268022 122.819404

0.008872 0.248580
0.001154 -0.071331
0.010961 -0.474770
0.991932 0.228582
0.072167 1.751692
4.117177 -2.581539
-7.611606 6.590472
9.094390 -16.066956
-27.133994 12.766314
-178.203123 124.126155

0.008359 0.249730
0.235130 0.573084
0.697300 0.454929
0.237808 -0.719424
-1.206422 -0.829860
4.911127 -0.448279
-8.548118 5.357506
10.078505 -15.429857
-27.505108 11.934278
-180.137787 125.432603

0.008734 0.250776
-0.328764 0.570718
-0.379896 0.864688
-0.865296 -0.264827
1.263385 0.855349
4.715253 1.825287
-9.268797 3.995613
11.023688 -14.732108
-27.850435 11.091292
-182.072025 126.738754

0.009940 0.252150
-0.225554 -0.014087
-0.491338 -0.274318
-0.756816 0.914419
-1.649456 0.405731
3.574649 3.784463
-9.758189 2.540321
11.926025 -13.976057
-28.169656 10.238151
-184.005844 128.044615

0.011733 0.254190
0.339109 0.387749
0.646835 -0.082925
0.415125 1.161867
1.079071 -0.668662
1.739213 5.059667
-10.006046 1.028454
12.781738 -13.164320
-28.462476 9.375655
-185.939253 129.350191

0.013772 0.257080
-0.181365 0.678844
0.157619 0.965510
0.983197 0.091471
-0.950970 1.534691
-0.419050 5.448508
-10.007286 -0.502426
13.587201 -12.299774
-28.728624 8.504619
-187.872261 130.655488

0.015678 0.260833
-0.365616 0.151096
-0.712054 0.222758
0.102968 -0.733672
-0.261262 -1.251140
-2.505652 4.932101
-9.761975 -2.014520
14.338969 -11.385555
-28.967854 7.625860
-189.804875 131.960512

0.017117 0.265299
0.319852 0.165330
0.236252 -0.422444
-0.921228 -0.124053
0.456539 1.667239
-4.178932 3.643459
-9.275311 -3.470288
15.033797 -10.425040
-29.179944 6.740206
-191.737104 133.265269

0.017858 0.270244
-0.001480 0.719862
0.612483 0.675497
-0.647439 1.032108
-1.418521 -0.533549
-5.190338 1.819298
-8.557639 -4.832942
15.668660 -9.421846
-29.364697 5.848490
-193.668956 134.569764

0.017773 0.275383
-0.406694 0.356868
-0.536583 0.746828
0.547911 1.112787
1.384765 0.479319
-5.399522 -0.244467
-7.624462 -6.066982
16.240775 -8.379805
-29.521941 4.951548
-195.600437 135.874002

0.016841 0.280406
0.147424 0.001553
-0.304156 -0.370351
0.951502 -0.027350
-1.567958 0.772797
-4.777897 -2.228336
-6.496438 -7.138782
16.747620 -7.302956
-29.651532 4.050223
-197.531555 137.177988

0.015150 0.284993
0.173237 0.676369
0.722258 0.156965
-0.041341 -0.714205
0.793657 -0.924318
-3.409291 -3.819887
-5.199315 -8.017275
17.186945 -6.195523
-29.753351 3.145361
-199.462317 138.481728

0.012900 0.288875
-0.363089 0.547193
-0.062714 1.009351
-0.971224 0.033511
-0.622609 1.724263
-1.489275 -4.746609
-3.763809 -8.674833
17.556792 -5.061893
-29.827306 2.237814
-201.392729 139.785225

0.010377 0.291874
-0.102729 -0.016025
-0.673095 0.040207
-0.540218 1.138005
-0.631305 -1.142743
0.682582 -4.816851
-2.225522 -9.088334
17.855503 -3.906595
-29.873330 1.328434
-203.322799 141.088485

0.007950 0.293921
0.303769 0.538722
0.423938 -0.294296
0.653740 1.043173
0.793549 1.496767
2.729497 -3.968537
-0.624729 -9.240090
18.081733 -2.734277
-29.891380 0.418077
-205.252532 142.391512

0.006023 0.295120
-0.251361 0.684056
0.450709 0.862335
0.885698 -0.147919
-1.580361 -0.193314
4.256236 -2.312472
0.994270 -9.118709
18.234452 -1.549676
-29.881438 -0.492401
-207.181934 143.694310

0.004916 0.295749
-0.306395 0.102059
-0.664986 0.581855
-0.194326 -0.687485
1.370817 0.081811
4.940567 -0.142473
2.584173 -8.720147
18.312961 -0.357594
-29.843512 -1.402146
-209.111013 144.996884

0.004778 0.296214
0.346382 0.325510
-0.106710 -0.419264
-1.005699 0.179861
-1.428254 1.103946
4.630159 2.115373
4.095954 -8.048737
18.316903 0.837135
-29.777637 -2.310303
-211.039773 146.299238

0.005556 0.296946
-0.088474 0.749426
0.718128 0.390197
-0.419138 1.210472
0.438078 -1.108812
3.395162 4.011354
5.480493 -7.118023
18.246270 2.029663
-29.683873 -3.216020
-212.968221 147.601375

0.007015 0.298296
-0.400129 0.289955
-0.280948 0.964691
0.754495 0.943471
-0.262682 1.809936
1.503097 5.192052
6.690547 -5.951197
18.101403 3.215149
-29.562309 -4.118446
-214.896361 148.903300

0.008806 0.300454
0.256517 0.109346
-0.568548 -0.142137
0.814381 -0.268380
-0.961365 -0.974657
-0.667301 5.475390
7.682970 -4.581035
17.882976 4.388786
-29.413056 -5.016735
-216.824200 150.205016

0.010562 0.303416
0.095498 0.738945
0.584434 -0.130425
-0.327356 -0.643655
1.082943 1.218713
-2.724054 4.860975
8.421025 -3.049187
17.591988 5.545828
-29.236255 -5.910041
-218.751743 151.506528

0.011977 0.307058
-0.387848 0.490609
0.265086 0.983388
-1.005055 0.332063
-1.648122 0.158091
-4.333713 3.495859
8.876562 -1.404794
17.229757 6.681623
-29.032070 -6.797526
-220.678994 152.807838

0.012822 0.311169
0.040988 0.001931
-0.712073 0.386228
-0.277559 1.273456
1.263708 -0.302625
-5.258829 1.626147
9.031821 0.297557
16.797911 7.791635
-28.800687 -7.678352
-222.605959 154.108951

0.012977 0.315480
0.257557 0.647790
0.121331 -0.398878
0.846114 0.842619
-1.197710 1.398049
-5.371584 -0.446946
8.880639 2.000384
16.298381 8.871471
-28.542321 -8.551693
-224.532643 155.409869

0.012432 0.319694
-0.297364 0.660184
0.663449 0.625349
0.726516 -0.362693
0.067977 -1.185573
-4.656740 -2.402422
8.428876 3.646158
15.733386 9.916899
-28.257210 -9.416727
-226.459050 156.710596

0.011281 0.323531
-0.198224 0.059076
-0.462904 0.874871
-0.458398 -0.568172
0.123102 1.818876
-3.211836 -3.930466
7.694017 5.180146
15.105420 10.923875
-27.945617 -10.272642
-228.385185 158.011135

0.009701 0.326756
0.350748 0.477135
-0.409226 -0.266569
-0.993830 0.492456
-1.236855 -0.720748
-1.245566 -4.766047
6.704003 6.552990
14.417238 11.888559
-27.607833 -11.118635
-230.311053 159.311490

0.007976 0.329205
-0.155292 0.766389
0.685927 0.090521
-0.141970 1.320666
1.283248 0.884573
0.931822 -4.730610
5.495444 7.722773
13.671840 12.807331
-27.244172 -11.953908
-232.236658 160.611663

0.006471 0.330853
-0.357166 0.227885
0.044659 1.053558
0.907321 0.728637
-1.647786 0.528051
2.938304 -3.780546
4.111444 8.656444
12.872448 13.676805
-26.854975 -12.777676
-234.162004 161.911657

0.005542 0.331836
0.329934 0.257009
-0.708870 0.188923
0.612847 -0.449391
1.039988 -0.632139
4.382517 -2.047954
2.599291 9.330556
12.022489 14.493838
-26.440602 -13.589162
-236.087095 163.211476

0.005466 0.332445
0.016855 0.790840
0.323588 -0.314694
-0.586413 -0.485821
-0.920078 1.634119
4.957319 0.154904
1.008218 9.731375
11.125570 15.255540
-26.001438 -14.387600
-238.011936 164.511122

0.006351 0.333095
-0.399461 0.429418
0.534625 0.822518
-0.963902 0.636476
-0.318414 -1.174297
4.534124 2.393428
-0.612594 9.854468
10.185451 15.959276
-25.537891 -15.172237
-239.936531 165.810598

0.008092 0.334218
0.174575 0.073882
-0.609143 0.720564
0.001500 1.334537
0.494256 1.715642
3.207860 4.223189
-2.215676 9.703922
9.206023 16.602680
-25.050390 -15.942333
-241.860883 167.109907

0.010402 0.336137
0.192917 0.732634
-0.211835 -0.353781
0.959415 0.595926
-1.448972 -0.429579
1.263609 5.307299
-3.756548 9.291329
8.191284 17.183664
-24.539389 -16.697162
-243.784996 168.409051

0.012908 0.338990
-0.337933 0.615585
0.731188 0.317865
0.500445 -0.524348
1.386547 0.489706
-0.913377 5.484646
-5.194640 8.634661
7.145326 17.700429
-24.005364 -17.436011
-245.708874 169.708033

0.015233 0.342752
-0.063108 0.037274
-0.165154 1.045207
-0.687143 -0.385550
-1.554244 0.877021
-2.934333 4.774042
-6.493919 7.757134
6.072320 18.151464
-23.448812 -18.158182
-247.632521 171.006855

0.017045 0.347266
0.329974 0.600347
-0.622429 -0.000612
-0.900879 0.782160
0.754008 -0.892132
-4.475178 3.336930
-7.623356 6.686180
4.976493 18.535538
-22.870253 -18.862992
-249.555939 172.305521

0.018122 0.352277
-0.207786 0.756954
0.516344 -0.167293
0.155052 1.340754
-0.572582 1.802272
-5.310822 1.428456
-8.557240 5.452672
3.862105 18.851689
-22.270226 -19.549772
-251.479134 173.604031

0.018358 0.357488
-0.269927 0.163037
0.374537 0.984904
0.994846 0.473666
-0.667753 -1.061259
-5.326916 -0.646009
-9.275149 4.090259
2.733426 19.099230
-21.649290 -20.217871
-253.402107 174.902390

0.017749 0.362582
0.376118 0.409567
-0.686721 0.548826
0.375085 -0.564671
0.843394 1.533241
-4.521806 -2.565611
-9.761792 2.634572
1.594719 19.277737
-21.008023 -20.866654
-255.324862 176.200598

0.016391 0.367254
-0.044058 0.829216
0.011198 -0.356043
-0.782261 -0.256661
-1.583739 -0.079287
-3.006110 -4.024723
-10.006969 1.122511
0.450220 19.387053
-20.347020 -21.495502
-257.247403 177.498659

0.014489 0.371241
-0.374583 0.369760
0.705433 0.569677
-0.832964 0.929082
1.372059 0.104215
-1.000361 -4.766755
-10.005583 -0.408309
-0.695873 19.427279
-19.666898 -22.103819
-259.169733 178.796575

0.012355 0.374385
0.288823 0.205195
-0.370036 0.992299
0.289962 1.330374
-1.396216 1.219276
1.175990 -4.626280
-9.757652 -1.920058
-1.839418 19.398768
-18.968291 -22.691027
-261.091854 180.094346

0.010354 0.376656
0.125415 0.815743
-0.496173 -0.144707
0.993180 0.346625
0.395864 -1.047298
3.136874 -3.577370
-9.268323 -3.375166
-2.976341 19.302118
-18.251852 -23.256567
-263.013771 181.391977

0.008863 0.378177
-0.368956 0.575467
0.640601 0.034793
0.228573 -0.593340
-0.212695 1.892983
4.495345 -1.772262
-8.547893 -4.736828
-4.102647 19.138162
-17.518250 -23.799899
-264.935484 182.689469

0.008167 0.379250
0.075431 0.079186
0.159066 1.086286
-0.870942 -0.127789
-1.000217 -0.870789
4.959240 0.459304
-7.611847 -5.969549
-5.214437 18.907960
-16.768172 -24.320502
-266.856999 183.986823

0.008365 0.380295
0.275703 0.714982
-0.719740 0.349680
-0.751738 1.050086
1.111791 1.252796
4.423364 2.674699
-6.480880 -7.039756
-6.307909 18.612785
-16.002316 -24.817878
-268.778317 185.284042

0.009347 0.381724
-0.271308 0.736829
0.221659 -0.308098
0.421859 1.285222
-1.654295 0.276457
3.007286 4.435013
-5.180880 -7.916501
-7.379375 18.254113
-15.221399 -25.291549
-270.699441 186.581127

0.010841 0.383830
-0.167157 0.115288
0.609541 0.783193
0.978568 0.208345
1.239790 -0.277991
1.013650 5.420317
-3.742848 -8.572267
-8.425265 17.833609
-14.426149 -25.741060
-272.620374 187.878082

0.012490 0.386743
0.370651 0.545532
-0.537091 0.863813
0.089880 -0.608684
-1.165028 1.500568
-1.166088 5.491101
-2.202686 -8.983873
-9.442141 17.353115
-13.617310 -26.165980
-274.541119 189.174906

0.013927 0.390417
-0.115249 0.837690
-0.313626 -0.257029
-0.928254 0.010329
0.020671 -1.120290
-3.147207 4.685725
-0.600813 -9.133492
-10.426702 16.814644
-12.795639 -26.565901
-276.461678 190.471603

0.014862 0.394677
-0.328194 0.289914
0.720679 0.259752
-0.642829 1.163064
0.175157 1.881141
-4.616024 3.179602
1.018466 -9.009710
-11.375803 16.220371
-11.961908 -26.940439
-278.382053 191.768174

0.015113 0.399280
0.360774 0.342003
-0.053228 1.120602
0.553653 1.231238
-1.262572 -0.615087
-5.360479 1.235897
2.607886 -8.608607
-12.286448 15.572635
-11.116898 -27.289232
-280.302248 193.064621

0.014598 0.403935
0.059877 0.865794
-0.671373 0.159231
0.946127 0.086710
1.308255 0.909228
-5.279633 -0.836794
4.118500 -7.934733
-13.155798 14.873921
-10.261403 -27.611943
-282.222265 194.360945

0.013342 0.408333
-0.373023 0.511438
0.423467 -0.183967
-0.053163 -0.590356
-1.634625 0.648871
-4.384882 -2.718101
5.501327 -7.001877
-13.981166 14.126847
-9.396229 -27.908256
-284.142105 195.657148

0.011475 0.412186
0.213044 0.167689
0.461758 0.975037
-0.975157 0.166480
1.011876 -0.592092
-2.799508 -4.106323
6.709323 -5.833463
-14.760023 13.334150
-8.522188 -28.177880
-286.061772 196.953232

0.009230 0.415274
0.220199 0.810827
-0.657791 0.708212
-0.532911 1.266782
-0.876106 1.739697
-0.756051 -4.752899
7.699595 -4.462457
-15.490005 12.498676
-7.640101 -28.420550
-287.981268 198.249198

0.006925 0.417471
-0.318402 0.705591
-0.111699 -0.296798
0.660226 1.160109
-0.365190 -1.083574
1.416142 -4.505644
8.435690 -2.930628
-16.168917 11.623372
-6.750797 -28.636026
-289.900595 199.545049

0.004951 0.418774
-0.034501 0.112879
0.718460 0.505013
0.880129 -0.033205
0.537030 1.778594
3.326463 -3.357390
8.889729 -1.287149
-16.794734 10.711275
-5.855112 -28.824095
-291.819755 200.840784

0.003683 0.419366
0.337605 0.673120
-0.277595 1.088678
-0.205351 -0.561950
-1.477684 -0.307821
4.593105 -1.482182
9.044127 0.413451
-17.365607 9.765512
-4.953891 -28.984570
-293.738750 202.136407

0.003372 0.419596
-0.190185 0.834132
-0.578408 -0.017143
-1.008234 0.313172
1.381243 0.516665
4.941217 0.771833
8.892687 2.113864
-17.879862 8.789283
-4.047984 -29.117289
-295.657583 203.431917

0.004090 0.419906
-0.257045 0.217105
0.573668 -0.019527
-0.411506 1.337544
-1.549056 0.995204
4.291863 2.955112
8.441049 3.756937
-18.336004 7.785860
-3.138246 -29.222114
-297.576255 204.727318

0.005700 0.420728
0.382294 0.476536
0.265587 1.094597
0.759657 1.058233
0.700620 -0.847702
2.790580 4.637293
7.706579 5.288489
-18.732717 6.758578
-2.225535 -29.298934
-299.494769 206.022610

0.007895 0.422365
-0.017184 0.888277
-0.716206 0.504798
0.807732 -0.154656
-0.536977 1.885327
0.756209 5.518584
6.717250 6.659577
-19.068861 5.710822
-1.310713 -29.347663
-301.413127 207.317795

0.010280 0.424935
-0.359654 0.421538
0.111534 -0.290422
-0.337056 -0.518838
-0.719150 -0.976478
-1.416697 5.482451
5.509624 7.828437
-19.343473 4.646027
-0.394644 -29.368244
-303.331330 208.612873

0.012483 0.428382
0.315632 0.274765
0.666502 0.727680
-1.004273 0.463345
0.877644 1.565832
-3.350345 4.585941
4.126650 8.761994
-19.555763 3.567661
0.521808 -29.360644
-305.249380 209.907847

0.014205 0.432548
0.162118 0.869385
-0.454427 0.988733
-0.266515 1.397622
-1.598455 0.028687
-4.742829 3.016406
2.615424 9.436670
-19.705119 2.479222
1.437776 -29.324860
-307.167280 211.202718

0.015234 0.437183
-0.341011 0.640509
-0.409625 -0.151846
0.853665 0.955836
1.362198 0.117992
-5.394904 1.043093
1.025013 9.838529
-19.791104 1.384224
2.352394 -29.260916
-309.085032 212.497487

0.015481 0.441983
0.122009 0.149256
0.691068 0.196660
0.722687 -0.247637
-1.367708 1.323638
-5.217961 -1.023334
-0.595524 9.962907
-19.813464 0.286191
3.264795 -29.168861
-311.002636 213.792154

0.014957 0.446640
0.308345 0.776840
0.060324 1.169007
-0.463546 -0.440467
0.352819 -0.994238
-4.235272 -2.863227
-2.198788 9.813659
-19.772139 -0.811345
4.174115 -29.048770
-312.920095 215.086723

0.013772 0.450869
-0.238125 0.814104
-0.702071 0.315195
-0.988091 0.626449
-0.159638 1.967027
-2.582110 -4.178408
-3.740339 9.402181
-19.667249 -1.904851
5.079489 -28.900746
-314.837411 216.381193

0.012140 0.454436
-0.130178 0.177113
0.323844 -0.195763
-0.127951 1.447281
-1.033821 -0.769163
-0.503083 -4.727881
-5.179640 8.746328
-19.499098 -2.990797
5.980059 -28.724917
-316.754585 217.675565

0.010385 0.457200
0.388128 0.615865
0.543512 0.941456
0.915210 0.845803
1.143757 1.285870
1.662061 -4.372840
-6.480700 7.869331
-19.268164 -4.065663
6.874970 -28.521435
-318.671620 218.969842

0.008883 0.459172
-0.085822 0.910707
-0.604446 0.851745
0.608342 -0.328194
-1.657169 0.397638
3.518044 -3.125873
-7.612461 6.798779
-18.975102 -5.125956
7.763374 -28.290483
-320.588516 220.264024

0.007974 0.460524
-0.312254 0.345288
-0.221109 -0.227122
-0.592028 -0.351943
1.212618 -0.248917
4.689285 -1.183928
-8.549008 5.565687
-18.620742 -6.168210
8.644427 -28.032270
-322.505275 221.558112

0.007896 0.461587
0.374124 0.413159
0.725950 0.433454
-0.959342 0.774433
-1.135531 1.605605
4.920214 1.086715
-9.269657 4.203688
-18.206091 -7.189000
9.517291 -27.747031
-324.421899 222.852108

0.008696 0.462798
0.089185 0.922362
-0.164675 1.167112
0.012117 1.463067
-0.032996 -1.052280
4.159232 3.231804
-9.758957 2.748320
-17.732337 -8.184949
10.381136 -27.435028
-326.338390 224.146012

0.010208 0.464548
-0.357309 0.565808
-0.632721 0.123179
0.961800 0.714682
0.219349 1.940032
2.576803 4.832033
-10.006667 1.236410
-17.200849 -9.152732
11.235139 -27.096546
-328.254749 225.439826

0.012115 0.467089
0.245864 0.233856
0.505221 -0.057317
0.490989 -0.401206
-1.295012 -0.513371
0.505862 5.608419
-10.007717 -0.294479
-16.613170 -10.089089
12.078484 -26.731895
-330.170978 226.733550

0.014042 0.470490
0.255664 0.858738
0.376439 1.094426
-0.695506 -0.250935
1.324855 0.925600
-1.657260 5.466336
-9.762186 -1.806553
-15.971026 -10.990828
12.910369 -26.341413
-332.087077 228.027186

0.015634 0.474678
-0.285623 0.767106
-0.686946 0.668048
-0.897967 0.918566
-1.624589 0.758866
-3.541659 4.480262
-9.275290 -3.262281
-15.276315 -11.854835
13.729999 -25.925457
-334.003049 229.320735

0.016604 0.479457
0.017484 0.171135
0.004216 -0.243690
0.163391 1.466447
0.981675 -0.563026
-4.856509 2.849073
-8.557395 -4.624893
-14.531107 -12.678082
14.536593 -25.484416
-335.918896 230.614198

0.016791 0.484546
0.374042 0.731316
0.709675 0.676256
0.994418 0.590781
-0.827898 1.830857
-5.414988 0.848493
-7.624037 -5.858923
-13.737641 -13.457636
15.329381 -25.018697
-337.834617 231.907575

0.016136 0.489643
-0.146086 0.907856
-0.360059 1.111432
0.364187 -0.441248
-0.403408 -1.003749
-5.141191 -1.208158
-6.495924 -6.930798
-12.898322 -14.190667
16.107607 -24.528736
-339.750216 233.200868

0.014670 0.494428
-0.215916 0.276663
-0.497043 -0.021794
-0.790136 -0.121670
0.591622 1.830803
-4.071330 -3.001876
-5.198893 -7.809506
-12.015718 -14.874463
16.870526 -24.014991
-341.665693 234.494077

0.012540 0.498611
0.408049 0.554179
0.640879 0.149079
-0.829381 1.064705
-1.489624 -0.189464
-2.353909 -4.238915
-3.763765 -8.467394
-11.092557 -15.506442
17.617407 -23.477943
-343.581049 235.787204

0.010006 0.501967
0.020213 0.966044
0.167896 1.207550
0.297201 1.455044
1.390601 0.545381
-0.246213 -4.687782
-2.226117 -8.881193
-10.131731 -16.084168
18.347536 -22.918094
-345.496286 237.080249

0.007420 0.504385
-0.343176 0.489964
-0.720962 0.481129
0.989922 0.464376
-1.528201 1.120211
1.902579 -4.225381
-0.626059 -9.033161
-9.136295 -16.605353
19.060210 -22.335967
-347.411406 238.373214

0.005165 0.505883
0.332322 0.360126
0.210657 -0.185954
0.215187 -0.467880
0.656723 -0.789880
3.695409 -2.885357
0.992247 -8.912005
-8.109462 -17.067863
19.754746 -21.732107
-349.326409 239.666099

0.003610 0.506659
0.185228 0.935241
0.606231 0.900177
-0.880458 0.008206
-0.495487 1.981264
4.766510 -0.886349
2.581563 -8.513772
-7.054586 -17.469725
20.430478 -21.107079
-351.241296 240.958905

0.002991 0.507091
-0.333738 0.708335
-0.541797 0.989691
-0.750450 1.184305
-0.769337 -0.876126
4.881450 1.390861
4.092916 -7.842835
-5.975158 -17.809134
21.086760 -20.461471
-353.156070 242.251633

0.003337 0.507617
0.146534 0.219397
-0.330634 -0.136477
0.424850 1.406892
0.907022 1.609614
4.014665 3.491022
5.477235 -6.912726
-4.874793 -18.084471
21.722962 -19.795891
-355.070731 243.544284

0.004489 0.508631
0.325431 0.827442
0.708974 0.366841
0.970415 0.323327
-1.619194 0.147259
2.358263 5.007213
6.687311 -5.746594
-3.757224 -18.294311
22.338474 -19.110966
-356.985280 244.836858

0.006136 0.510386
-0.219246 0.875132
-0.054999 1.232430
0.073633 -0.485860
1.341244 0.139029
0.256458 5.680074
7.680018 -4.377151
-2.626297 -18.437440
22.932704 -18.407343
-358.899719 246.129357

0.007903 0.512966
-0.096388 0.223664
-0.680478 0.275210
-0.938010 0.142112
-1.348222 1.430768
-1.893600 5.434785
8.418612 -2.845977
-1.485956 -18.512862
23.505082 -17.685686
-360.814049 247.421781

0.009441 0.516299
0.407848 0.666584
0.413718 -0.079946
-0.640635 1.291065
0.299682 -0.939374
-3.727334 4.361766
8.874914 -1.202139
-0.340236 -18.519815
24.055058 -16.946674
-362.728270 248.714131

0.010496 0.520199
-0.051249 0.970139
0.466307 1.078671
0.557371 1.346639
-0.114355 2.036689
-4.964038 2.671061
9.031112 0.499836
0.806750 -18.457773
24.582102 -16.191007
-364.642385 250.006408

0.010908 0.524424
-0.284736 0.390636
-0.653137 0.824124
0.939210 0.197775
-1.071791 -0.671635
-5.428828 0.645291
8.880971 2.202513
1.950822 -18.326458
25.085711 -15.419399
-366.556394 251.298612

0.010611 0.528677
0.396144 0.480131
-0.115106 -0.184313
-0.065843 -0.469402
1.171744 1.312677
-5.058743 -1.399086
8.430267 3.848382
3.087752 -18.125847
25.565399 -14.632581
-368.470298 252.590745

0.009647 0.532665
0.124818 0.984171
0.723977 0.611950
-0.979368 0.296598
-1.657646 0.514962
-3.903599 -3.143758
7.696399 5.382706
4.213272 -17.856176
26.020708 -13.831301
-370.384098 253.882807

0.008162 0.536133
-0.342286 0.626732
-0.266461 1.208266
-0.525538 1.392898
1.187307 -0.219955
-2.125510 -4.300178
6.707224 6.756094
5.323099 -17.517946
26.451200 -13.016318
-372.297796 255.174799

0.006402 0.538890
0.268223 0.310820
-0.579719 0.108046
0.667092 1.274863
-1.102104 1.711922
0.006104 -4.647479
5.499282 7.926572
6.412947 -17.111927
26.856460 -12.188408
-374.211393 256.466721

0.004696 0.540839
0.277244 0.915544
0.569933 0.095893
0.875290 0.079971
-0.085745 -0.976743
2.134008 -4.078980
4.115630 8.861012
7.478555 -16.639163
27.236098 -11.348357
-376.124888 257.758575

0.003420 0.542029
-0.276963 0.831450
0.269977 1.213365
-0.215344 -0.437266
0.260917 2.005247
3.860766 -2.649067
2.603535 9.535884
8.515708 -16.100983
27.589746 -10.496963
-378.038284 259.050360

0.002894 0.542703
0.042559 0.230115
-0.720329 0.632419
-1.009725 0.446133
-1.332855 -0.403308
4.831043 -0.596985
1.012237 9.937369
9.520252 -15.499011
27.917061 -9.635034
-379.951582 260.342079

0.003294 0.543234
0.384475 0.775691
0.097493 -0.173038
-0.403188 1.464847
1.329190 0.946839
4.831303 1.683012
-0.609054 10.060965
10.488110 -14.835160
28.217728 -8.763387
-381.864782 261.633730

0.004619 0.544057
-0.129116 0.959928
0.661559 0.836972
0.764959 1.173858
-1.626529 0.871344
3.861486 3.735153
-2.212819 9.910715
11.415299 -14.111621
28.491458 -7.882852
-383.777886 262.925315

0.006658 0.545552
-0.191142 0.307969
-0.456376 1.106473
0.800690 -0.039554
0.935705 -0.534140
2.135059 5.165088
-3.754529 9.498200
12.297956 -13.330858
28.737989 -6.994267
-385.690894 264.216835

0.009056 0.547935
0.423071 0.594618
-0.421644 -0.036747
-0.347593 -0.392440
-0.793645 1.914921
0.007403 5.733456
-5.193569 8.841431
13.132361 -12.495600
28.957082 -6.098477
-387.603807 265.508291

0.011417 0.551247
0.054926 1.007919
0.684584 0.299382
-1.004943 0.596130
-0.454840 -0.932656
-2.123905 5.385867
-6.493855 7.963728
13.914959 -11.608838
29.148526 -5.196336
-389.516627 266.799682

0.013396 0.555381
-0.318212 0.521208
0.065932 1.277333
-0.257716 1.523123
0.634831 1.867260
-3.901505 4.229214
-7.624235 6.892636
14.642385 -10.673816
29.312134 -4.288703
-391.429353 268.091010

0.014728 0.560131
0.362657 0.413904
-0.702437 0.431707
0.858303 1.070305
-1.507374 -0.087822
-5.056020 2.484746
-8.558805 5.659025
15.311486 -9.694021
29.447747 -3.376441
-393.341988 269.382275

0.015250 0.565201
0.229521 0.979791
0.320506 -0.087977
0.715500 -0.131547
1.396112 0.554890
-5.425622 0.441282
-9.277077 4.296442
15.919336 -8.673168
29.555233 -2.460419
-395.254532 270.673478

0.014922 0.570271
-0.305718 0.761333
0.552794 1.049324
-0.472353 -0.312143
-1.502123 1.226269
-4.960924 -1.582982
-9.763829 2.840494
16.463263 -7.615188
29.634489 -1.541507
-397.166985 271.964619

0.013793 0.575036
0.188829 0.287153
-0.595579 0.973782
-0.986303 0.760383
0.621046 -0.747047
-3.725150 -3.272116
-10.008945 1.328124
16.940856 -6.524206
29.685438 -0.620581
-399.079350 273.255699

0.012021 0.579217
0.360157 0.880140
-0.223870 -0.106056
-0.118245 1.573309
-0.440547 2.063798
-1.893002 -4.344161
-10.007391 -0.203003
17.349991 -5.404526
29.708031 0.301482
-400.991625 274.546718

0.009880 0.582605
-0.193052 0.942409
0.727627 0.547485
0.918558 0.961976
-0.804475 -0.780959
0.255477 -4.589439
-9.759230 -1.715019
17.688837 -4.260603
29.702247 1.223804
-402.903813 275.837678

0.007727 0.585099
-0.058833 0.281989
-0.158625 1.291163
0.599281 -0.208314
0.948894 1.650726
2.356483 -3.917258
-9.269652 -3.170328
17.955866 -3.097028
29.668093 2.145507
-404.815915 277.128578

0.005941 0.586764
0.424559 0.720956
-0.640349 0.251890
-0.602073 -0.219816
-1.627632 0.268206
4.013171 -2.401593
-8.548992 -4.532115
18.149869 -1.918495
29.605601 3.065711
-406.727930 278.419420

0.004842 0.587827
-0.027346 1.030700
0.492778 0.058655
-0.959273 0.910060
1.325770 0.164795
4.880811 -0.300995
-7.612771 -5.764885
18.269958 -0.729774
29.514828 3.983539
-408.639860 279.710204

0.004630 0.588671
-0.265155 0.429799
0.373178 1.209055
0.018001 1.588761
-1.323667 1.541617
4.766318 1.977680
-6.481714 -6.835075
18.315585 0.464314
29.395862 4.898118
-410.551706 281.000929

0.005290 0.589734
0.407977 0.532361
-0.695307 0.790193
0.959331 0.830206
0.247869 -0.879564
3.694658 3.978435
-5.181732 -7.711760
18.286555 1.658922
29.248816 5.808579
-412.463468 282.291598

0.006605 0.591365
0.154072 1.029513
-0.012932 -0.131543
0.476755 -0.281775
-0.069181 2.106188
1.900502 5.319632
-3.743836 -8.367451
18.183021 2.849195
29.073834 6.714055
-414.375147 283.582210

0.008238 0.593759
-0.327634 0.665029
0.702990 0.778720
-0.708382 -0.120724
-1.109809 -0.573746
-0.249683 5.782308
-2.203927 -8.779005
18.005473 4.030297
28.871084 7.613685
-416.286744 284.872766

0.009818 0.596947
0.294717 0.367032
-0.360127 1.222526
-0.899351 1.049718
1.197735 1.335611
-2.358339 5.333004
-0.602405 -8.928624
17.754733 5.197442
28.640765 8.506612
-418.198260 286.163267

0.011021 0.600816
0.312954 0.956231
-0.505806 0.089792
0.167648 1.586190
-1.656083 0.627347
-4.076197 4.095137
1.016456 -8.804925
17.431945 6.345920
28.383097 9.391987
-420.109695 287.453712

0.011614 0.605141
-0.252667 0.884392
0.636477 0.249521
0.990260 0.701427
1.163505 -0.195891
-5.146076 2.300467
2.605432 -8.404000
17.038573 7.471128
28.098329 10.268966
-422.021050 288.744103

0.011483 0.609637
0.085540 0.290505
0.176359 1.313691
0.350234 -0.324754
-1.061445 1.810988
-5.419571 0.242949
4.115627 -7.730397
16.576391 8.568590
27.786735 11.136715
-423.932326 290.034440

0.010601 0.614010
0.414589 0.825415
-0.717964 0.598142
-0.800235 0.005822
-0.128786 -0.904742
-4.860572 -1.758228
5.498105 -6.797880
16.047472 9.633984
27.448614 11.994410
-425.843524 291.324723

0.009043 0.617960
-0.100896 1.025939
0.207701 -0.075801
-0.827236 1.192252
0.314074 2.067032
-3.545163 -3.389606
6.705858 -5.629832
15.454174 10.663157
27.084291 12.841236
-427.754644 292.614954

0.007006 0.621238
-0.157405 0.360985
0.613469 1.008856
0.303679 1.571310
-1.356374 -0.289467
-1.660411 -4.375432
7.696014 -4.259163
14.799123 11.652153
26.694118 13.676390
-429.665686 293.905131

0.004783 0.623672
0.435574 0.653564
-0.535163 1.111729
0.986819 0.573730
1.344274 0.975206
0.502612 -4.516961
8.432128 -2.727586
14.085197 12.597222
26.278471 14.499078
-431.576653 295.195257

0.002736 0.625203
0.075784 1.069550
-0.337629 -0.015464
0.203000 -0.350670
-1.618197 0.995078
2.572865 -3.739988
8.886322 -1.084221
13.315509 13.494840
25.837751 15.308519
-433.487543 296.485330

0.001243 0.625927
-0.311873 0.564260
0.704296 0.477290
-0.887700 0.136126
0.892366 -0.489856
4.154074 -2.139466
9.041041 0.616434
12.493379 14.341722
25.372383 16.103947
-435.398359 297.775353

0.000626 0.626131
0.365392 0.471271
-0.053305 1.348805
-0.746082 1.310647
-0.759596 2.012443
4.913588 0.005343
8.890160 2.317046
11.622320 15.134827
24.882815 16.884604
-437.309100 299.065325

0.001040 0.626244
0.245198 1.021772
-0.689649 0.395432
0.431494 1.521166
-0.511180 -0.847376
4.681461 2.275008
8.439329 3.960299
10.706006 15.871370
24.369515 17.649749
-439.219767 300.355246

0.002433 0.626707
-0.306542 0.799665
0.400825 0.026576
0.966413 0.431566
0.667997 1.911784
3.509940 4.215444
7.705672 5.491855
9.748255 16.548831
23.832975 18.398659
-441.130362 301.645117

0.004561 0.627880
0.205352 0.335230
0.465880 1.181869
0.062134 -0.369070
-1.535680 0.020203
1.654939 5.460953
6.716933 6.862842
8.753000 17.164963
23.273710 19.130625
-443.040883 302.934939

0.007050 0.629964
0.380271 0.907268
-0.653930 0.936390
-0.942457 0.268405
1.387000 0.566394
-0.508308 5.815331
5.509658 8.031615
7.724280 17.717812
22.692256 19.844956
-444.951333 304.224712

0.009504 0.632980
-0.176678 0.981877
-0.123269 -0.078636
-0.632877 1.414030
-1.487403 1.328949
-2.585385 5.266297
4.126841 8.965131
6.666220 18.205710
22.089174 20.540980
-446.861712 305.514437

0.011585 0.636805
-0.020437 0.318743
0.726660 0.709134
0.566709 1.457617
0.574196 -0.709217
-4.237340 3.952272
2.615613 9.639794
5.583013 18.627272
21.465045 21.218041
-448.772020 306.804113

0.013060 0.641215
0.449861 0.752473
-0.254827 1.316113
0.938014 0.305183
-0.392831 2.134825
-5.219817 2.113465
1.025072 10.041635
4.478895 18.981390
20.820468 21.875498
-450.682258 308.093741

0.013779 0.645929
0.006089 1.077073
-0.576622 0.221063
-0.072664 -0.351400
-0.842343 -0.696703
-5.397172 0.047359
-0.595685 10.165956
3.358122 19.267231
20.156063 22.512734
-452.592426 309.383322

0.013699 0.650630
-0.229719 0.462330
0.574502 0.200210
-0.977583 0.424233
0.990594 1.678489
-4.745388 -1.926616
-2.199215 10.016589
2.224954 19.484236
19.472466 23.129146
-454.502525 310.672856

0.012896 0.655022
0.429582 0.581011
0.286087 1.323737
-0.512277 1.516924
-1.629385 0.379549
-3.352394 -3.497417
-3.741035 9.604920
1.083639 19.632110
18.770333 23.724156
-456.412557 311.962343

0.011545 0.658853
0.187231 1.079225
-0.710725 0.755852
0.679559 1.388053
1.316829 0.184628
-1.417226 -4.395016
-5.180567 8.948813
-0.061608 19.710822
18.050337 24.297204
-458.322520 313.251785

0.009927 0.661932
-0.314071 0.705865
0.097023 -0.055164
0.875809 0.192207
-1.289400 1.649212
0.757760 -4.431333
-6.481785 8.071519
-1.206616 19.720596
17.313166 24.847754
-460.232416 314.541180

0.008396 0.664189
0.310784 0.425352
0.668181 0.950655
-0.220084 -0.312953
0.202598 -0.816847
2.793867 -3.549138
-7.613608 7.000649
-2.347274 19.661902
16.559528 25.375290
-462.142246 315.830530

0.007324 0.665727
0.335457 0.997012
-0.450047 1.231314
-1.006168 0.579083
-0.019770 2.177643
4.295763 -1.865489
-8.550111 5.767250
-3.479548 19.535450
15.790145 25.879321
-464.052009 317.119834

0.006999 0.666833
-0.247091 0.929230
-0.429470 0.086549
-0.390315 1.592322
-1.145848 -0.471317
4.944476 0.319028
-9.270608 4.404983
-4.599485 19.342180
15.005754 26.359373
-465.961707 318.409095

0.007554 0.667902
0.109542 0.339230
0.678212 0.409479
0.774160 1.289948
1.220519 1.359366
4.594974 2.573579
-9.759656 2.949409
-5.703231 19.083249
14.207104 26.815000
-467.871340 319.698310

0.008926 0.669355
0.432989 0.854015
0.068662 1.390783
0.797027 0.076238
-1.656671 0.739715
3.326863 4.448561
-10.007031 1.437372
-6.787037 18.760022
13.394959 27.245775
-469.780908 320.987482

0.010844 0.671514
-0.081567 1.066853
-0.707555 0.550378
-0.355155 -0.265320
1.134317 -0.174072
1.415500 5.596039
-10.007686 -0.093556
-7.847270 18.374059
12.570093 27.651297
-471.690413 322.276610

0.012936 0.674527
-0.119930 0.390601
0.311704 0.018464
-1.002920 0.729353
-1.022728 1.903210
-0.757067 5.842330
-9.761722 -1.605582
-8.880418 17.927101
11.733292 28.031189
-473.599854 323.565695

0.014831 0.678377
0.459340 0.684676
0.557427 1.152150
-0.246642 1.648650
-0.172961 -0.839639
-2.800253 5.194990
-9.274381 -3.061183
-9.883110 17.421063
10.885354 28.385102
-475.509232 324.854737

0.016224 0.682918
0.113475 1.111056
-0.589073 1.087820
0.864861 1.184493
0.369037 2.116670
-4.384946 3.806478
-8.556056 -4.423612
-10.852121 16.858030
10.027087 28.712711
-477.418547 326.143736

0.016896 0.687902
-0.278306 0.593041
-0.225820 0.005092
0.710055 -0.015956
-1.373088 -0.186456
-5.278923 1.925433
-7.622308 -5.657436
-11.784374 16.240251
9.159311 29.013716
-479.327801 327.432693

0.016734 0.693017
0.393616 0.522118
0.734059 0.650863
-0.479284 -0.184581
1.367449 0.992416
-5.359182 -0.146556
-6.493875 -6.729137
-12.676947 15.570131
8.282853 29.287840
-481.236993 328.721609

0.015740 0.697953
0.285449 1.070452
-0.143547 1.405706
-0.982445 0.893110
-1.593859 1.110401
-4.614493 -2.089343
-5.196645 -7.607777
-13.527065 14.850211
7.398546 29.534833
-483.146124 330.010482

0.014007 0.702419
-0.288122 0.849856
-0.635576 0.374139
-0.106378 1.697647
0.866411 -0.448148
-3.145852 -3.594594
-3.761526 -8.265770
-14.332113 14.083157
6.507231 29.754471
-485.055195 331.299315

0.011751 0.706150
0.231322 0.403265
0.494441 0.172255
0.924181 1.076239
-0.705426 2.110314
-1.165346 -4.399413
-2.224180 -8.679792
-15.089635 13.271749
5.609756 29.946555
-486.964205 332.588106

0.009293 0.708974
0.403960 0.958065
0.383986 1.325687
0.592834 -0.090419
-0.548664 -0.752596
1.013364 -4.328671
-0.624642 -8.831942
-15.797342 12.418872
4.706971 30.110913
-488.873156 333.876857

0.007010 0.710849
-0.169403 1.043519
-0.691524 0.918385
-0.609012 -0.089704
0.715751 1.968072
3.005827 -3.344240
0.993111 -8.710901
-16.453114 11.527508
3.799734 30.247402
-490.782048 335.165568

0.005278 0.711909
0.001906 0.377848
-0.021476 -0.010669
-0.955593 1.043528
-1.552158 0.144838
4.421182 -1.585548
2.581966 -8.312805
-17.055005 10.600729
2.888904 30.355905
-492.690882 336.454239

0.004400 0.712455
0.455934 0.795147
0.700947 0.890606
0.027777 1.712241
1.381004 0.595189
4.957268 0.628087
4.093015 -7.642082
-17.601244 9.641689
1.975347 30.436330
-494.599657 337.742870

0.004516 0.712920
0.014754 1.128721
-0.359090 1.342220
0.960909 0.943662
-1.471213 1.447942
4.494321 2.858601
5.477228 -6.712266
-18.090236 8.653617
1.059927 30.488615
-496.508374 339.031461

0.005533 0.713731
-0.212418 0.494195
-0.516358 0.207976
0.466865 -0.164193
0.523214 -0.655137
3.136696 4.663708
6.687419 -5.546467
-18.520564 7.639805
0.143513 30.512720
-498.417034 340.320014

0.007185 0.715200
0.433650 0.617936
0.628464 0.353470
-0.716451 0.007785
-0.351165 2.216092
1.175781 5.713186
7.680461 -4.177342
-18.890986 6.603609
-0.773027 30.508633
-500.325637 341.608528

0.009114 0.717488
0.207495 1.116917
0.181025 1.419923
-0.895480 1.179180
-0.887507 -0.602883
-1.001564 5.853928
8.419587 -2.646411
-19.200438 5.548431
-1.688826 30.476367
-502.234184 342.897003

0.010956 0.720595
-0.303539 0.730584
-0.717682 0.712182
0.177435 1.704249
1.022693 1.709829
-3.008690 5.111298
8.876573 -1.002692
-19.448027 4.477714
-2.603021 30.415966
-504.142675 344.185440

0.012410 0.724377
0.326032 0.470113
0.204169 0.028756
0.991969 0.810727
-1.637379 0.492508
-4.525407 3.650794
9.033551 0.699323
-19.633036 3.394935
-3.514748 30.327498
-506.051110 345.473840

0.013273 0.728596
0.363031 1.032193
0.623539 1.110209
0.342633 -0.209195
1.300677 0.204040
-5.330764 1.729549
8.884221 2.402210
-19.754925 2.303592
-4.423147 30.211061
-507.959490 346.762202

0.013442 0.732978
-0.237032 0.972301
-0.521559 1.226510
-0.803420 0.132840
-1.256118 1.753842
-5.314217 -0.346186
8.434297 4.048454
-19.813336 1.207198
-5.327359 30.066777
-509.867815 348.050526

0.012898 0.737236
0.135079 0.395629
-0.333900 0.100146
-0.817647 1.319686
0.158313 -0.754382
-4.477815 -2.255223
7.701123 5.583289
-19.808099 0.109274
-6.226531 29.894794
-511.776086 349.338813

0.011746 0.741088
0.451790 0.894620
0.713297 0.585574
0.317893 1.688040
0.033492 2.248068
-2.936289 -3.692287
6.712513 6.957283
-19.739231 -0.986648
-7.119814 29.695286
-513.684303 350.627064

0.010201 0.744310
-0.072296 1.123171
-0.036466 1.467509
0.991648 0.684354
-1.176138 -0.363575
-0.914856 -4.402618
5.504981 8.128415
-19.606929 -2.077039
-8.006366 29.468449
-515.592466 351.915278

0.008558 0.746755
-0.097222 0.439317
-0.684408 0.522946
0.198987 -0.231171
1.245253 1.390481
1.262517 -4.225097
4.121572 9.063502
-19.411566 -3.158373
-8.885353 29.214509
-517.500576 353.203456

0.007168 0.748406
0.461134 0.725655
0.399505 0.144400
-0.886584 0.267370
-1.655633 0.862515
3.207259 -3.140975
2.609556 9.738963
-19.153691 -4.227147
-9.755947 28.933714
-519.408633 354.491598

0.006385 0.749418
0.121178 1.158785
0.473193 1.298859
-0.733466 1.441217
1.099657 -0.139311
4.534210 -1.311225
1.018191 10.140935
-18.834029 -5.279881
-10.617330 28.626340
-521.316638 355.779705

0.006470 0.750125
-0.271667 0.618853
-0.651313 1.063292
0.445864 1.640581
-0.991531 2.004947
4.958201 0.927419
-0.603286 10.264882
-18.453483 -6.313131
-11.468693 28.292686
-523.224591 357.067776

0.007497 0.750952
0.391045 0.557906
-0.132329 0.040757
0.969442 0.545990
-0.228296 -0.765240
4.384136 3.130550
-2.207328 10.114829
-18.013136 -7.323495
-12.309238 27.933078
-525.132493 358.355812

0.009337 0.752295
0.299020 1.099229
0.725087 0.817536
0.056918 -0.245261
0.409664 2.168609
2.940488 4.863450
-3.749374 9.702363
-17.514251 -8.307622
-13.138173 27.547864
-527.040343 359.643812

0.011686 0.754454
-0.288149 0.869811
-0.249401 1.432069
-0.941366 0.402274
-1.403406 -0.083026
0.934420 5.813703
-5.188793 9.045527
-16.958274 -9.262216
-13.954723 27.137418
-528.948142 360.931779

0.014149 0.757550
0.244991 0.439354
-0.580518 0.338818
-0.620431 1.544829
1.374826 1.004674
-1.242572 5.849147
-6.489502 8.167712
-16.346826 -10.184048
-14.758120 26.702132
-530.855891 362.219711

0.016355 0.761533
0.427654 0.979217
0.572680 0.305665
0.579716 1.576607
-1.580350 1.216571
-3.208326 5.013506
-7.620332 7.096584
-15.681708 -11.069961
-15.547612 26.242426
-532.763589 363.507608

0.018007 0.766224
-0.156410 1.078097
0.297910 1.432208
0.939509 0.420782
0.830606 -0.417038
-4.652576 3.485629
-8.555267 5.863107
-14.964895 -11.916879
-16.322462 25.758740
-534.671238 364.795472

0.018906 0.771361
0.036537 0.420097
-0.702337 0.875701
-0.077538 -0.225145
-0.654809 2.192553
-5.366825 1.530882
-9.273667 4.500780
-14.198533 -12.721809
-17.081946 25.251539
-536.578837 366.083302

0.018940 0.776632
0.480596 0.826669
0.098778 0.058778
-0.974516 0.560006
-0.584668 -0.671569
-5.253913 -0.540837
-9.760300 3.045098
-13.384936 -13.481861
-17.825356 24.721312
-538.486387 367.371099

0.018125 0.781718
0.038501 1.179801
0.680710 1.061700
-0.498398 1.648735
0.768572 2.009432
-4.329432 -2.408888
-10.005141 1.532973
-12.526581 -14.194248
-18.551997 24.168567
-540.393888 368.658862

0.016586 0.786333
-0.178827 0.535896
-0.434999 1.356580
0.691873 1.508693
-1.557003 0.260456
-2.721217 -3.772707
-10.003235 0.002084
-11.626104 -14.856306
-19.261190 23.593835
-542.301341 369.946593

0.014546 0.790232
0.445663 0.664649
-0.427706 0.214413
0.875651 0.311716
1.386194 0.619146
-0.666225 -4.386755
-9.754698 -1.509683
-10.686309 -15.465510
-19.952272 22.997663
-544.208746 371.234290

0.012329 0.793252
0.226820 1.170077
0.680359 0.528192
-0.225911 -0.181621
-1.441096 1.566612
1.502930 -4.104014
-9.264750 -2.964722
-9.710160 -16.019478
-20.624597 22.380621
-546.116103 372.521956

0.010310 0.795382
-0.296567 0.767051
0.077256 1.516235
-1.004009 0.718731
0.481687 -0.594774
3.394903 -2.924203
-8.543752 -4.326209
-8.700782 -16.515974
-21.277538 21.743294
-548.023413 373.809589

0.008850 0.796793
0.327023 0.521802
-0.710715 0.683060
-0.379234 1.726080
-0.301676 2.303586
4.630832 -1.028395
-7.607240 -5.558646
-7.661445 -16.952918
-21.910485 21.086288
-549.930675 375.097190

0.008209 0.797815
0.373961 1.071760
0.300471 0.138878
0.781033 1.412016
-0.928157 -0.499609
4.942272 1.230542
-6.475954 -6.628474
-6.595559 -17.328396
-22.522849 20.410228
-551.837891 376.384759

0.008472 0.798859
-0.244905 1.009550
0.555802 1.267210
0.790526 0.197718
1.054019 1.747247
4.258091 3.402487
-5.175818 -7.504770
-5.506661 -17.640667
-23.114061 19.715754
-553.745060 377.672296

0.009508 0.800330
0.143492 0.442536
-0.591672 1.211367
-0.365842 -0.132908
-1.646151 0.612005
2.730392 5.060371
-3.737851 -8.160052
-4.398413 -17.888187
-23.683569 19.003526
-555.652184 378.959802

0.011002 0.802500
0.461916 0.922146
-0.238627 0.122270
-1.004241 0.867324
1.279595 0.228514
0.681987 5.909683
-2.197959 -8.571187
-3.274591 -18.069613
-24.230845 18.274221
-557.559261 380.247277

0.012592 0.805465
-0.068414 1.165018
0.729482 0.756288
-0.239155 1.778209
-1.225544 1.859383
-1.491159 5.839580
-0.596545 -8.720389
-2.139077 -18.183819
-24.755377 17.528527
-559.466293 381.534721

0.013938 0.809174
-0.071578 0.478976
-0.138119 1.518571
0.867588 1.302069
0.110868 -0.690742
-3.411928 4.912465
1.022121 -8.596287
-0.995850 -18.229911
-25.256676 16.767150
-561.373280 382.822134

0.014766 0.813440
0.473019 0.757866
-0.638078 0.491783
0.700811 0.102553
0.085197 2.314534
-4.780821 3.320306
2.610826 -8.194985
0.151024 -18.207228
-25.734275 15.990808
-563.280221 384.109517

0.014903 0.817998
0.139549 1.207507
0.492201 0.279342
-0.489865 -0.054681
-1.204429 -0.258374
-5.402438 1.335809
4.120685 -7.521036
1.297402 -18.115355
-26.187729 15.200233
-565.187119 385.396869

0.014282 0.822547
-0.248644 0.654511
0.395082 1.435578
-0.981923 1.027536
1.272414 1.417840
-5.193070 -0.728477
5.502778 -6.588201
2.439081 -17.954129
-26.616619 14.396170
-567.093972 386.684192

0.012943 0.826803
0.397098 0.607065
-0.683425 1.041556
-0.097488 1.823085
-1.645970 0.984590
-4.181406 -2.552962
6.710111 -5.419860
3.571810 -17.723641
-27.020549 13.579378
-569.000781 387.971484

0.011028 0.830493
0.314179 1.151014
-0.022925 0.108283
0.927145 1.191249
1.072827 -0.100585
-2.507914 -3.841674
7.699824 -4.048909
4.691309 -17.424243
-27.399143 12.750628
-570.907546 389.258746

0.008796 0.833394
-0.292382 0.911677
0.707107 1.004610
0.584245 0.028056
-0.950640 2.113071
-0.421294 -4.357912
8.435480 -2.517045
5.793287 -17.056551
-27.752051 11.910703
-572.814268 390.545979

0.006582 0.835395
0.240836 0.497773
-0.350699 1.468357
-0.617397 0.040915
-0.277218 -0.677177
1.736660 -3.968765
8.889217 -0.873378
6.873463 -16.621453
-28.078944 11.060392
-574.720947 391.833183

0.004758 0.836530
0.427033 1.021340
-0.522259 0.336162
-0.952754 1.177592
0.451839 2.234213
3.571391 -2.693291
9.043513 0.827609
7.927592 -16.120119
-28.379519 10.200498
-576.627583 393.120358

0.003678 0.837010
-0.176745 1.124118
0.621352 0.469203
0.037096 1.836423
-1.435628 0.036878
4.710944 -0.734096
8.892327 2.528587
8.951480 -15.554012
-28.653497 9.331827
-578.534176 394.407503

0.003587 0.837205
0.033532 0.467631
0.182612 1.537937
0.962258 1.058210
1.371950 1.030936
4.905658 1.539028
8.441443 4.172188
9.940996 -14.924886
-28.900624 8.455198
-580.440727 395.694620

0.004530 0.837570
0.470913 0.852581
-0.724139 0.836548
0.457041 -0.045037
-1.578200 1.334296
4.110937 3.671303
7.708003 5.703895
10.892094 -14.234775
-29.120671 7.571433
-582.347236 396.981708

0.006317 0.838508
0.028168 1.217731
0.191093 0.141041
-0.724327 0.138256
0.778430 -0.376647
2.503783 5.246068
6.719522 7.074725
11.800831 -13.485988
-29.313436 6.681364
-584.253703 398.268768

0.008620 0.840286
-0.169446 0.560879
0.622663 1.215893
-0.891356 1.310888
-0.620227 2.276922
0.421533 5.989612
5.512391 8.243161
12.663399 -12.681104
-29.478742 5.785827
-586.160129 399.555800

0.011047 0.843012
0.441012 0.685746
-0.518875 1.342077
0.187370 1.824852
-0.636997 -0.590345
-1.738192 5.813772
4.129610 9.176297
13.476140 -11.822967
-29.616437 4.885666
-588.066514 400.842803

0.013231 0.846617
0.236445 1.200861
-0.339929 0.213106
0.993621 0.922994
0.805173 2.043615
-3.606116 4.798966
2.618342 9.850593
14.235576 -10.914681
-29.726393 3.981726
-589.972858 402.129779

0.014890 0.850903
-0.286045 0.782625
0.714875 0.688451
0.334781 -0.090247
-1.573480 0.366886
-4.895010 3.148400
1.027695 10.252088
14.938429 -9.959599
-29.808507 3.074857
-591.879161 403.416727

0.015835 0.855602
0.331554 0.556130
-0.023606 1.579308
-0.806986 0.263518
1.380309 0.631687
-5.422583 1.140215
-0.593222 10.376070
15.581637 -8.961314
-29.862703 2.165912
-593.785424 404.703648

0.015981 0.860420
0.391437 1.104533
-0.679255 0.643754
-0.808717 1.451031
-1.414148 1.671761
-5.117627 -0.911629
-2.196953 10.226351
16.162381 -7.923639
-29.888930 1.255742
-595.691646 405.990541

0.015345 0.865053
-0.246649 1.042428
0.401666 0.257237
0.330984 1.808807
0.440191 -0.544897
-4.020750 -2.688977
-3.738991 9.814301
16.678095 -6.850597
-29.887165 0.345202
-597.597829 407.277408

0.014076 0.869212
0.151204 0.492724
0.486404 1.414006
0.994859 0.799249
-0.248675 2.380173
-2.284257 -3.900170
-5.178729 9.157774
17.126491 -5.746397
-29.857410 -0.564853
-599.503972 408.564247

0.012414 0.872679
0.468503 0.957429
-0.642197 1.192489
0.193042 -0.107217
-0.962964 -0.400374
-0.168467 -4.316896
-6.480109 8.280022
17.505564 -4.615415
-29.799697 -1.473567
-601.410076 409.851059

0.010674 0.875325
-0.077683 1.213539
-0.136302 0.166605
-0.887839 0.403113
1.088599 1.782271
1.975283 -3.820366
-7.612022 7.208669
17.813612 -3.462174
-29.714078 -2.380087
-603.316141 411.137845

0.009231 0.877177
-0.064192 0.525232
0.725604 0.935402
-0.723732 1.576207
-1.651243 0.732407
3.749104 -2.449772
-8.548519 5.974781
18.049239 -2.291313
-29.600632 -3.283559
-605.222166 412.424605

0.008428 0.878449
0.465256 0.788116
-0.245767 1.558773
0.456761 1.764341
1.255813 0.255511
4.788910 -0.430250
-9.268896 4.612044
18.211372 -1.107565
-29.459464 -4.183135
-607.128153 413.711338

0.008482 0.879504
0.134600 1.249571
-0.590334 0.466806
0.968315 0.664742
-1.197581 1.965304
4.865682 1.851638
-9.757703 3.156046
18.299270 0.084275
-29.290702 -5.077969
-609.034102 414.998045

0.009403 0.880759
-0.241749 0.678032
0.561196 0.419400
0.046986 -0.117346
0.057920 -0.626417
3.962474 3.938396
-10.004717 1.643659
18.312543 1.279371
-29.094502 -5.967221
-610.940012 416.284726

0.011004 0.882581
0.389340 0.633390
0.297538 1.545812
-0.945502 0.539754
0.130398 2.375713
2.280223 5.426197
-10.004904 0.112480
18.251152 2.472864
-28.871047 -6.850055
-612.845885 417.571382

0.012944 0.885214
0.322607 1.180253
-0.707229 0.996965
-0.613739 1.678706
-1.237906 -0.158782
0.168643 6.063009
-9.758383 -1.399677
18.115396 3.659897
-28.620542 -7.725644
-614.751720 418.858011

0.014839 0.888710
-0.290236 0.927205
0.087533 0.170166
0.586406 1.697991
1.293220 1.435067
-1.974453 5.782426
-9.270427 -2.855279
17.905908 4.835651
-28.343222 -8.593164
-616.657517 420.144615

0.016359 0.892963
0.246188 0.533232
0.681755 1.166397
0.934357 0.538177
-1.637292 1.094707
-3.787693 4.681568
-8.551462 -4.217576
17.623648 5.995368
-28.039345 -9.451800
-618.563277 421.431194

0.017248 0.897757
0.444436 1.050099
-0.428584 1.472583
-0.089113 -0.097835
1.045840 -0.074098
-4.995413 2.974319
-7.617088 -5.451147
17.269899 7.134381
-27.709192 -10.300744
-620.469000 422.717748

0.017342 0.902812
-0.176544 1.161805
-0.430712 0.331518
-0.978241 0.696000
-0.902899 2.206506
-5.427898 0.944560
-6.488093 -6.522507
16.846262 8.248139
-27.353070 -11.139197
-622.374687 424.004277

0.016586 0.907817
0.049804 0.519325
0.681967 0.636221
-0.491309 1.779872
-0.315422 -0.599894
-5.026646 -1.091708
-5.190415 -7.400781
16.354643 9.332231
-26.971309 -11.966368
-624.280337 425.290781

0.015049 0.912462
0.480402 0.891910
0.089246 1.632712
0.697558 1.627917
0.508415 2.289421
-3.845147 -2.817535
-3.755044 -8.058476
15.797243 10.382406
-26.564263 -12.781481
-626.185950 426.577260

0.012903 0.916479
0.027239 1.276796
-0.707773 0.810047
0.869142 0.429206
-1.449368 0.154355
-2.048799 -3.946315
-2.217764 -8.472343
15.176539 11.394596
-26.132311 -13.583769
-628.091528 427.863715

0.010411 0.919640
-0.157276 0.614094
0.296114 0.257854
-0.237574 -0.052916
1.385010 1.059819
0.089715 -4.260004
-0.618699 -8.624407
14.495274 12.364932
-25.675855 -14.372476
-629.997069 429.150145

0.007935 0.921841
0.430699 0.731440
0.559891 1.384817
-1.007133 0.855126
-1.559441 1.460050
2.210278 -3.656380
0.998274 -8.503226
13.756432 13.289762
-25.195323 -15.146859
-631.902575 430.436551

0.005864 0.923149
0.229959 1.256525
-0.591164 1.340305
-0.372918 1.856176
0.736229 -0.322071
3.914469 -2.196304
2.586229 -8.104977
12.963221 14.165665
-24.691163 -15.906186
-633.808045 431.722933

0.004546 0.923805
-0.292621 0.816928
-0.251844 0.246148
0.783536 1.530114
-0.579312 2.374683
4.849801 -0.126382
4.096384 -7.434208
12.119049 14.989460
-24.163844 -16.649740
-635.713480 433.009291

0.004197 0.924187
0.310439 0.598242
0.720613 0.867943
0.780161 0.315092
-0.687783 -0.493355
4.809977 2.153794
5.479797 -6.504515
11.227505 15.758219
-23.613856 -17.376816
-637.618880 434.295625

0.004828 0.924734
0.383476 1.140703
-0.140121 1.635689
-0.379772 -0.004853
0.837250 2.088989
3.804451 4.188031
6.689355 -5.339014
10.292328 16.469272
-23.041710 -18.086727
-639.524246 435.581936

0.006231 0.925832
-0.268532 1.066819
-0.649835 0.610811
-1.008338 1.000643
-1.595489 0.483822
2.054679 5.586869
7.681984 -3.970322
9.317392 17.120225
-22.447937 -18.778801
-641.429576 436.868222

0.008064 0.927712
0.139765 0.531215
0.480034 0.384429
-0.233984 1.902847
1.364095 0.651206
-0.080229 6.118713
8.420947 -2.439894
8.306685 17.708969
-21.833091 -19.452382
-643.334872 438.154486

0.009970 0.930434
0.465388 0.981175
0.396912 1.539738
0.868573 1.414593
-1.395235 1.779329
-2.203334 5.736630
8.878019 -0.796671
7.264296 18.233683
-21.197745 -20.106832
-645.240134 439.440726

0.011619 0.933913
-0.092635 1.249344
-0.682550 1.155732
0.690508 0.216068
0.389567 -0.493703
-3.960618 4.552760
9.035305 0.904929
6.194395 18.692828
-20.542491 -20.741531
-647.145362 440.726943

0.012751 0.937942
-0.057426 0.565727
-0.028398 0.216141
-0.500696 0.070219
-0.201994 2.452076
-5.086925 2.791171
8.886452 2.607543
5.101209 19.085140
-19.867940 -21.355875
-649.050556 442.013138

0.013215 0.942257
0.462789 0.817135
0.713189 1.106650
-0.980934 1.157003
-1.000638 -0.305233
-5.424479 0.741864
8.437104 4.253693
3.988992 19.409628
-19.174724 -21.949281
-650.955717 443.299309

0.012962 0.946577
0.131830 1.298943
-0.337974 1.583195
-0.087464 1.943850
1.121280 1.810867
-4.927612 -1.276559
7.704525 5.788627
2.862014 19.665573
-18.463487 -22.521180
-652.860844 444.585458

0.012048 0.950623
-0.232516 0.717133
-0.519962 0.455629
0.931765 1.302065
-1.652119 0.849548
-3.663366 -2.948279
6.716455 7.162898
1.724535 19.852525
-17.734892 -23.071028
-654.765938 445.871584

0.010633 0.954128
0.376718 0.674591
0.624676 0.580269
0.577990 0.142954
1.235411 0.282715
-1.810770 -3.992423
5.509341 8.334443
0.580795 19.970300
-16.989619 -23.598298
-656.670999 447.157687

0.008987 0.956899
0.318022 1.229196
0.194969 1.655882
-0.622841 0.168546
-1.163995 2.073439
0.345493 -4.202353
4.126181 9.270022
-0.565007 20.018972
-16.228363 -24.102488
-658.576027 448.443769

0.007434 0.958871
-0.303354 0.957715
-0.721235 0.965192
-0.946686 1.309337
0.007026 -0.553786
2.437978 -3.493204
2.614222 9.945985
-1.708723 19.998867
-15.451835 -24.583117
-660.481022 449.729828

0.006335 0.960124
0.224123 0.577242
0.184197 0.260910
0.049704 1.959091
0.174604 2.443856
4.069423 -1.947213
1.022717 10.348400
-2.846274 19.910555
-14.660764 -25.039725
-662.385985 451.015865

0.006011 0.960916
0.432059 1.083110
0.623778 1.330509
0.966868 1.172170
-1.275352 -0.050281
4.899769 0.168821
-0.599075 10.472668
-3.973662 19.754841
-13.855891 -25.471875
-664.290915 452.301880

0.006627 0.961638
-0.206766 1.189919
-0.518254 1.466064
0.450273 0.074433
1.303452 1.457434
4.745094 2.443581
-2.203569 10.322767
-5.086979 19.532757
-13.037969 -25.879149
-666.195814 453.587873

0.008131 0.962719
0.035689 0.555664
-0.351310 0.332797
-0.729450 0.269631
-1.638757 1.207887
3.640402 4.422745
-3.746161 9.910261
-6.182419 19.245546
-12.207765 -26.261154
-668.100680 454.873844

0.010274 0.964505
0.468933 0.909730
0.708654 0.795229
-0.885035 1.443888
1.005253 -0.046830
1.827101 5.731232
-5.186178 9.253198
-7.256288 18.894660
-11.366056 -26.617520
-670.005515 456.159795

0.012703 0.967197
0.010570 1.309274
-0.019510 1.691353
0.198869 1.947140
-0.866892 2.293817
-0.326490 6.157967
-6.487511 8.375009
-8.305013 18.481736
-10.513632 -26.947901
-671.910318 457.445723

0.015028 0.970823
-0.150214 0.642598
-0.682351 0.761225
0.996160 1.037234
-0.364168 -0.530093
-2.424575 5.675887
-7.618984 7.303450
-9.325151 18.008597
-9.651292 -27.251978
-673.815090 458.731630

0.016912 0.975239
0.426557 0.752143
0.397226 0.363689
0.327380 0.030830
0.555878 2.330648
-4.121202 4.412593
-8.554544 6.069619
-10.313399 17.477239
-8.779845 -27.529455
-675.719831 460.017516

0.018112 0.980209
0.235075 1.295992
0.495813 1.520390
-0.810535 0.396177
-1.466233 0.257089
-5.162806 2.602413
-9.273405 4.707103
-11.266605 16.889831
-7.900111 -27.780059
-677.624540 461.303381

0.018478 0.985446
-0.278150 0.843892
-0.632910 1.311872
-0.800346 1.584133
1.396793 1.072389
-5.404645 0.540894
-9.760203 3.251338
-12.181760 16.248701
-7.012919 -28.003547
-679.529219 462.589225

0.017973 0.990640
0.307940 0.638030
-0.136055 0.283474
0.343016 1.931129
-1.533156 1.569859
-4.814551 -1.452057
-10.004939 1.739158
-13.056006 15.556319
-6.119103 -28.199694
-681.433867 463.875049

0.016677 0.995475
0.392150 1.186837
0.733612 1.046702
0.996711 0.915522
0.704396 -0.278723
-3.472969 -3.063446
-10.002756 0.208233
-13.886637 14.815286
-5.219506 -28.368305
-683.338484 465.160851

0.014784 0.999679
-0.275288 1.103287
-0.232617 1.682569
0.185630 0.017912
-0.523672 2.463127
-1.571484 -4.019635
-9.753853 -1.303526
-14.671105 14.028321
-4.314976 -28.509208
-685.243072 466.446633

0.012566 1.003058
0.130804 0.586702
-0.590341 0.596399
-0.890599 0.539642
-0.722794 -0.397149
0.594915 -4.126079
-9.263510 -2.758494
-15.407029 13.198252
-3.406363 -28.622257
-687.147629 467.732394

0.010375 1.005528
0.459561 1.025038
0.557613 0.538817
-0.715664 1.711672
0.882136 2.136082
2.653148 -3.314821
-8.542134 -4.119839
-16.092193 12.328009
-2.494524 -28.707334
-689.052156 469.018135

0.008601 1.007185
-0.119126 1.298730
0.301694 1.667629
0.465835 1.888446
-1.605428 0.607424
4.208191 -1.688090
-7.605297 -5.352062
-16.724555 11.420618
-1.580318 -28.764349
-690.956653 470.303856

0.007565 1.008297
-0.068118 0.617990
-0.711442 1.127324
0.965215 0.783822
1.352683 0.679079
4.932503 0.468755
-6.473769 -6.421611
-17.302245 10.479189
-0.664611 -28.793237
-692.861120 471.589556

0.007428 1.009249
0.444248 0.851104
0.073034 0.290067
0.035084 0.010710
-1.372108 1.894590
4.663808 2.733772
-5.173496 -7.297577
-17.823571 9.506911
0.251731 -28.793960
-694.765558 472.875237

0.008138 1.010459
0.111132 1.347850
0.676221 1.277386
-0.951697 0.676969
0.338852 -0.433838
3.461801 4.654777
-3.735510 -7.952499
-18.287015 8.507046
1.167843 -28.766504
-696.669967 474.160897

0.009460 1.012270
-0.234863 0.752981
-0.430609 1.591586
-0.609341 1.811879
-0.156345 2.527574
1.587449 5.870937
-2.195722 -8.363266
-18.691237 7.482916
2.082857 -28.710881
-698.574346 475.446538

0.011038 1.014869
0.358869 0.705978
-0.442693 0.448143
0.590665 1.818324
-1.039957 -0.205987
-0.581769 6.191773
-0.594526 -8.512116
-19.035073 6.437900
2.995907 -28.627132
-700.478697 476.732159

0.012513 1.018248
0.313936 1.272223
0.675215 0.740204
0.926911 0.654164
1.150529 1.838849
-2.651431 5.610445
1.023823 -8.387700
-19.317530 5.375419
3.906130 -28.515323
-702.383018 478.017760

0.013586 1.022270
-0.304732 0.984549
0.094954 1.741827
-0.102686 0.027690
-1.652773 0.965403
-4.284285 4.270160
2.612136 -7.986133
-19.537791 4.298934
4.812665 -28.375548
-704.287311 479.303342

0.014030 1.026705
0.212743 0.621353
-0.707669 0.927556
-0.983577 0.829632
1.214365 0.308425
-5.239111 2.415011
4.121557 -7.311972
-19.695215 3.211928
5.714652 -28.207929
-706.191575 480.588905

0.013730 1.031267
0.433051 1.127406
0.292883 0.366746
-0.485522 1.908224
-1.125279 2.178051
-5.384607 0.345092
5.503190 -6.378970
-19.789342 2.117907
6.611237 -28.012616
-708.095811 481.874448

0.012684 1.035660
-0.224171 1.231970
0.569170 1.493252
0.702354 1.744139
-0.036680 -0.481045
-4.701926 -1.619242
6.710058 -5.210485
-19.819899 1.020387
7.501568 -27.789783
-710.000018 483.159972

0.011004 1.039603
0.024654 0.615521
-0.581821 1.462787
0.862308 0.543658
0.227505 2.512135
-3.284397 -3.168089
7.699307 -3.839386
-19.786802 -0.077104
8.384800 -27.539632
-711.904197 484.445476

0.008888 1.042848
0.455736 0.957030
-0.254218 0.367836
-0.248747 0.072695
-1.302066 0.065547
-1.335840 -4.034780
8.434496 -2.307346
-19.690145 -1.171032
9.260091 -27.262389
-713.808349 485.730962

0.006631 1.045225
-0.020253 1.370038
0.722479 0.982012
-1.009059 0.988406
1.320324 1.490223
0.838234 -4.036580
8.887747 -0.663450
-19.530203 -2.257867
10.126608 -26.958306
-715.712472 487.016429

0.004606 1.046710
-0.166273 0.699837
-0.133274 1.759122
-0.364917 1.983366
-1.634404 1.335076
2.858583 -3.122779
9.041532 1.037827
-19.307421 -3.334094
10.983527 -26.627659
-717.616568 488.301877

0.003184 1.047445
0.394384 0.793916
-0.655990 0.739040
0.788217 1.645830
0.962505 -0.002280
4.332406 -1.416729
8.889834 2.739160
-19.022423 -4.396219
11.830032 -26.270752
-719.520637 489.587307

0.002667 1.047729
0.204725 1.350368
0.469275 0.499881
0.772469 0.430770
-0.835880 2.395987
4.945960 0.776471
8.438524 4.383170
-18.676012 -5.440778
12.665319 -25.887915
-721.424678 490.872718

0.003188 1.047986
-0.297270 0.877611
0.396152 1.653501
-0.390598 0.122142
-0.422800 -0.445220
4.560955 3.024349
7.704880 5.915245
-18.269168 -6.464348
13.488589 -25.479502
-723.328691 492.158110

0.004651 1.048661
0.272248 0.670983
-0.687246 1.277479
-1.009137 1.133366
0.588965 2.380227
3.263772 4.878814
6.716397 7.286177
-17.803055 -7.463548
14.299057 -25.045893
-725.232678 493.443484

0.006769 1.050097
0.373146 1.222091
-0.041502 0.328802
-0.225594 2.027496
-1.498034 0.366344
1.335059 5.996182
5.509250 8.454363
-17.279016 -8.435053
15.095948 -24.587489
-727.136638 494.728840

0.009170 1.052461
-0.297489 1.120512
0.710740 1.210044
0.872625 1.527851
1.389982 1.086158
-0.840543 6.208746
4.126351 9.387023
-16.698573 -9.375597
15.878500 -24.104715
-729.040571 496.014178

0.011478 1.055750
0.109028 0.621206
-0.333063 1.695918
0.683179 0.331076
-1.521844 1.675891
-2.872862 5.530233
2.614902 10.060731
-16.063426 -10.281982
16.645965 -23.598021
-730.944477 497.299497

0.013359 1.059815
0.451444 1.052671
-0.523566 0.570239
-0.508644 0.197135
0.657550 -0.241301
-4.435569 4.118138
1.024063 10.461584
-15.375454 -11.151086
17.397609 -23.067877
-732.848357 498.584798

0.014576 1.064408
-0.142210 1.331440
0.624922 0.684602
-0.977410 1.288859
-0.478023 2.539446
-5.300607 2.224357
-0.597026 10.584892
-14.636703 -11.979869
18.132713 -22.514778
-734.752210 499.870082

0.015009 1.069248
-0.074384 0.663999
0.207891 1.766425
-0.075513 2.067403
-0.763501 -0.312390
-5.349651 0.151899
-2.200882 10.434483
-13.849392 -12.765383
18.850575 -21.939244
-736.656037 501.155347

0.014637 1.074031
0.433982 0.886375
-0.713932 1.087721
0.937807 1.416185
0.924462 2.169045
-4.576074 -1.779307
-3.742977 10.021739
-13.015902 -13.504782
19.550507 -21.341813
-738.559838 502.440595

0.013552 1.078456
0.092460 1.404032
0.184491 0.377584
0.572719 0.261546
-1.611490 0.721175
-3.085018 -3.262531
-5.182686 9.364531
-12.138780 -14.195337
20.231839 -20.723047
-740.463613 503.725826

0.011949 1.082257
-0.238929 0.802903
0.633332 1.445816
-0.627654 0.300097
1.344752 0.700721
-1.091980 -4.037674
-6.483940 8.486131
-11.220734 -14.834449
20.893918 -20.083527
-742.367362 505.011038

0.010122 1.085269
0.334515 0.749730
-0.509699 1.594946
-0.940525 1.445014
-1.342380 2.006403
1.086919 -3.933493
-7.615620 7.414186
-10.264641 -15.419660
21.536107 -19.423856
-744.271085 506.296234

0.008421 1.087459
0.295555 1.328945
-0.357251 0.461187
0.061697 2.085838
0.291456 -0.371510
3.065953 -2.916853
-8.551779 6.179787
-9.273539 -15.948656
22.157789 -18.744653
-746.174783 507.581411

0.007221 1.088948
-0.320917 1.020296
0.703906 0.912885
0.970151 1.290415
-0.109984 2.604198
4.454863 -1.133184
-9.271718 4.816639
-8.250617 -16.419270
22.758367 -18.046557
-748.078455 508.866572

0.006811 1.090041
0.180277 0.664525
-0.018189 1.814549
0.441557 0.198349
-1.080502 -0.103438
4.955165 1.092105
-9.760001 3.360352
-7.199207 -16.829496
23.337265 -17.330226
-749.982102 510.151715

0.007288 1.091146
0.415041 1.167018
-0.692125 0.888603
-0.737089 0.405273
1.173175 1.866535
4.454278 3.317003
-10.006419 1.847807
-6.122777 -17.177500
23.893928 -16.596336
-751.885724 511.436842

0.008537 1.092671
-0.253607 1.257657
0.382844 0.477473
-0.882006 1.580747
-1.658677 1.079628
3.065448 5.099860
-10.005955 0.316609
-5.024920 -17.461631
24.427824 -15.845583
-753.789320 512.721951

0.010275 1.094916
0.002751 0.656650
0.493294 1.630418
0.206198 2.072853
1.185180 0.330566
1.087231 6.115988
-9.758753 -1.195429
-3.909353 -17.680439
24.938438 -15.078677
-755.692892 514.007043

0.012141 1.098019
0.443007 0.985994
-0.635936 1.431017
0.993888 1.154481
-1.091469 2.274044
-1.090634 6.220412
-9.270105 -2.650778
-2.779904 -17.832680
25.425279 -14.296345
-757.596439 515.292119

0.013764 1.101934
-0.044755 1.410409
-0.147285 0.396418
0.314770 0.154390
-0.084151 -0.416843
-3.083060 5.446146
-8.550458 -4.012701
-1.640507 -17.917330
25.887877 -13.499327
-759.499961 516.577177

0.014849 1.106474
-0.169248 0.745733
0.732259 1.150737
-0.819515 0.530552
0.279401 2.566746
-4.574233 3.963898
-7.615436 -5.245794
-0.495188 -17.933594
26.325787 -12.688378
-761.403459 517.862219

0.015197 1.111391
0.383584 0.831256
-0.225371 1.796779
-0.797666 1.718033
-1.324481 0.169000
-5.348493 2.033214
-6.485844 -6.316600
0.651948 -17.880914
26.738587 -11.864266
-763.306932 519.147245

0.014707 1.116391
0.194425 1.411052
-0.592217 0.715835
0.349118 2.053492
1.342856 1.510235
-5.300215 -0.039443
-5.187648 -7.194289
1.796724 -17.758977
27.125880 -11.027773
-765.210381 520.432254

0.013400 1.121156
-0.295844 0.928833
0.556010 0.649141
0.992561 1.031244
-1.616718 1.452521
-4.435529 -1.934002
-3.751871 -7.851439
2.934914 -17.567721
27.487294 -10.179694
-767.113805 521.717246

0.011404 1.125385
0.251590 0.725830
0.311007 1.782956
0.172471 0.141883
0.933978 0.038257
-2.872550 -3.347027
-2.214366 -8.264894
4.062249 -17.307340
27.822482 -9.320834
-769.017205 523.002222

0.008949 1.128835
0.360959 1.288175
-0.708820 1.255116
-0.898727 0.674291
-0.787932 2.497218
-0.839596 -4.026243
-0.615380 -8.416720
5.174442 -16.978289
28.131121 -8.452010
-770.920582 524.287182

0.006346 1.131352
-0.317684 1.168393
0.064852 0.411628
-0.712698 1.844526
-0.466437 -0.352447
1.336423 -3.814186
1.001142 -8.295342
6.267210 -16.581292
28.412913 -7.574049
-772.823935 525.572126

0.003986 1.132921
0.074750 0.683312
0.674667 1.393323
0.469991 2.009471
0.633026 2.439323
3.265004 -2.697587
2.588401 -7.896811
7.336291 -16.117352
28.667586 -6.687787
-774.727263 526.857053

0.002262 1.133712
0.425433 1.105982
-0.431988 1.717441
0.957595 0.899579
-1.522001 0.489596
4.561934 -0.844452
4.097774 -7.225729
8.377469 -15.587764
28.894892 -5.794067
-776.630569 528.141965

0.001447 1.134053
-0.187511 1.376841
-0.457888 0.571944
0.019108 0.135217
1.382404 1.113601
4.947310 1.401993
5.480413 -6.295787
9.386581 -14.994116
29.094609 -4.893737
-778.533850 529.426860

0.001636 1.134367
-0.108489 0.718288
0.661581 0.849887
-0.961435 0.810253
-1.512636 1.794616
4.334802 3.594552
6.689258 -5.130150
10.359538 -14.338281
29.266545 -3.987655
-780.437109 530.711740

0.002710 1.135081
0.401031 0.922933
0.091240 1.853849
-0.608148 1.940666
0.603275 -0.191727
2.861885 5.301153
7.681271 -3.761440
11.292344 -13.622414
29.410534 -3.076682
-782.340344 531.996604

0.004382 1.136509
0.051963 1.453318
-0.718248 1.044651
0.592000 1.934012
-0.441208 2.621561
0.841471 6.216192
8.419738 -2.231096
12.181121 -12.848943
29.526438 -2.161685
-784.243555 533.281452

0.006283 1.138780
-0.257634 0.845657
0.278866 0.471616
0.916943 0.765393
-0.814044 -0.222821
-1.333763 6.215386
8.876444 -0.588032
13.022130 -12.020564
29.614145 -1.243537
-786.146744 534.566284

0.008064 1.141852
0.305010 0.783825
0.569042 1.593993
-0.118090 0.148404
0.955007 2.200670
-3.284012 5.348816
9.033491 1.113365
13.811795 -11.140242
29.673568 -0.323112
-788.049910 535.851101

0.009434 1.145572
0.276219 1.381266
-0.579089 1.574759
-0.990050 0.958284
-1.625471 0.831586
-4.703026 3.799216
8.884516 2.815760
14.546725 -10.211191
29.704649 0.598713
-789.953053 537.135902

0.010182 1.149706
-0.330595 1.057485
-0.259612 0.477427
-0.480356 2.031461
1.328412 0.716927
-5.386548 1.833736
8.435146 4.461697
15.223738 -9.236875
29.707357 1.521063
-791.856173 538.420688

0.010221 1.153969
0.153561 0.712018
0.725404 1.083779
0.706945 1.855394
-1.314480 2.110276
-5.241311 -0.237148
7.702624 5.996441
15.839876 -8.220986
29.681689 2.443058
-793.759271 539.705459

0.009572 1.158074
0.401885 1.220865
-0.121217 1.871871
0.855823 0.653520
0.244368 -0.314343
-4.286613 -2.092783
6.714664 7.370554
16.392430 -7.167432
29.627671 3.363821
-795.662346 540.990214

0.008347 1.161745
-0.279254 1.298539
-0.653875 0.860036
-0.258961 0.194143
-0.060205 2.675036
-2.654283 -3.433258
5.507685 8.541974
16.878950 -6.080320
29.545356 4.282477
-797.565399 542.274954

0.006754 1.164754
-0.027851 0.716328
0.467930 0.612413
-1.009439 1.117859
-1.115952 -0.000161
-0.585733 -4.015084
4.124662 9.477452
17.297269 -4.963936
29.434824 5.198149
-799.468429 543.559679

0.005106 1.166970
0.417087 1.034954
0.404053 1.768617
-0.355096 2.107127
1.197568 1.896489
1.582212 -3.695695
2.612816 10.153319
17.645509 -3.822724
29.296184 6.109966
-801.371437 544.844389

0.003769 1.168420
-0.090868 1.461494
-0.685775 1.404182
0.794759 1.758780
-1.663113 1.199254
3.456085 -2.482032
1.021385 10.555616
17.922096 -2.661257
29.129570 7.017059
-803.274423 546.129084

0.003083 1.169280
-0.200751 0.800167
-0.052332 0.448562
0.766608 0.544517
1.150381 0.359672
4.659247 -0.563766
-0.600381 10.679717
18.125769 -1.484219
28.935142 7.918561
-805.177388 547.413764

0.003290 1.169880
0.345861 0.868297
0.706363 1.320583
-0.399653 0.247914
-1.064398 2.373960
4.930632 1.699635
-2.204896 10.529569
18.255597 -0.296368
28.713086 8.813614
-807.080330 548.698430

0.004433 1.170655
0.155108 1.462511
-0.333662 1.814302
-1.008430 1.265290
-0.141966 -0.349158
4.209316 3.856864
-3.747550 10.116710
18.310995 0.897480
28.463614 9.701367
-808.983250 549.983080

0.006340 1.172008
-0.316596 0.965316
-0.535402 0.687905
-0.216309 2.151569
0.319247 2.617722
2.656064 5.485606
-5.187657 9.459178
18.291730 2.092473
28.186965 10.580975
-810.886149 551.267716

0.008691 1.174206
0.217815 0.757280
0.615279 0.788480
0.876858 1.640799
-1.358199 0.267311
0.597730 6.299174
-6.489102 8.580412
18.197908 3.283746
27.883407 11.451603
-812.789026 552.552337

0.011108 1.177335
0.344247 1.331759
0.210931 1.872597
0.675494 0.445901
1.352636 1.519423
-1.570188 6.194094
-7.620716 7.508202
18.029970 4.466454
27.553234 12.312423
-814.691882 553.836943

0.013228 1.181325
-0.328868 1.194328
-0.715149 1.202419
-0.517364 0.323841
-1.606322 1.555813
-3.473542 5.237929
-8.556458 6.273734
17.788689 5.635799
27.196764 13.162615
-816.594716 555.121535

0.014747 1.185976
0.054038 0.725652
0.178704 0.483547
-0.974971 1.420109
0.899471 0.063493
-4.816506 3.625743
-9.275493 4.910715
17.475165 6.787060
26.814339 14.001371
-818.497530 556.406113

0.015484 1.191015
0.421157 1.150056
0.640423 1.548489
-0.065095 2.189912
-0.739021 2.578790
-5.407352 1.632099
-9.762293 3.454628
17.090818 7.915619
26.406326 14.827893
-820.400321 557.690676

0.015366 1.196145
-0.206308 1.416574
-0.499294 1.711055
0.941895 1.528895
-0.503787 -0.276909
-5.166121 -0.429402
-10.006746 1.942224
16.637384 9.016983
25.973115 15.641396
-822.303092 558.975225

0.014418 1.201045
-0.122037 0.779170
-0.357477 0.578530
0.565285 0.378447
0.686796 2.480665
-4.125606 -2.239057
-10.004038 0.411110
16.116900 10.086806
25.515124 16.441110
-824.205842 560.259760

0.012781 1.205414
0.388000 0.975039
0.707657 1.022524
-0.634539 0.429559
-1.529784 0.601548
-2.430738 -3.502185
-9.754449 -1.100805
15.531690 11.120916
25.032791 17.226276
-826.108571 561.544280

0.010696 1.209020
0.021400 1.519526
-0.007071 1.933790
-0.936325 1.578061
1.390234 1.134834
-0.334520 -3.985302
-9.263324 -2.555868
14.884350 12.115329
24.526580 17.996150
-828.011279 562.828787

0.008493 1.211741
-0.274053 0.911699
-0.692877 1.016296
0.071697 2.209418
-1.485681 1.911419
1.818194 -3.560899
-8.541119 -3.917220
14.177730 13.066267
23.996978 18.750006
-829.913967 564.113279

0.006549 1.213591
0.273541 0.838367
0.374758 0.594791
0.971450 1.405230
0.562181 -0.137251
3.632509 -2.255102
-7.603450 -5.149342
13.414916 13.970176
23.444496 19.487130
-831.816634 565.397758

0.005235 1.214752
0.246175 1.451631
0.493544 1.745459
0.430999 0.318675
-0.393422 2.708436
4.739982 -0.277497
-6.471128 -6.218666
12.599204 14.823738
22.869663 20.206824
-833.719280 566.682222

0.004787 1.215578
-0.351519 1.108124
-0.639887 1.555132
-0.746366 0.537059
-0.856677 -0.125258
4.897907 1.997803
-5.170139 -7.094278
11.734082 15.623876
22.273034 20.908409
-835.621906 567.966673

0.005237 1.216491
0.115112 0.762948
-0.162827 0.512726
-0.880416 1.713235
0.988154 2.237006
4.069697 4.116124
-3.731558 -7.748723
10.823204 16.367774
21.655178 21.591220
-837.524512 569.251110

0.006424 1.217881
0.380437 1.275882
0.724249 1.255123
0.212122 2.193691
-1.636787 0.947033
2.438576 5.664809
-2.191333 -8.158906
9.870366 17.052881
21.016689 22.254613
-839.427097 570.535533

0.008041 1.220004
-0.304183 1.334209
-0.225599 1.907806
0.990294 1.266456
1.310594 0.736616
0.345113 6.375846
-0.589888 -8.307097
8.879493 17.676930
20.358177 22.897965
-841.329662 571.819942

0.009721 1.222934
-0.056344 0.769378
-0.601179 0.828568
0.301197 0.272339
-1.285689 2.213796
-1.812387 6.166677
1.028503 -8.181983
7.854620 18.237943
19.680276 23.520671
-843.232207 573.104338

0.011118 1.226580
0.402805 1.081880
0.548974 0.749283
-0.828888 0.658888
0.197532 -0.257159
-3.665746 5.122645
2.616645 -7.779725
6.799877 18.734223
18.983638 24.122147
-845.134733 574.388720

0.011978 1.230745
-0.120512 1.509775
0.318121 1.885370
-0.794784 1.845350
-0.007944 2.741007
-4.930213 3.451086
4.125693 -7.104926
5.719461 19.164349
18.268930 24.701828
-847.037238 575.673089

0.012143 1.235179
-0.216461 0.863802
-0.704260 1.368784
0.355894 2.168800
-1.145487 0.099957
-5.427196 1.433273
5.506776 -6.171378
4.617609 19.527176
17.536838 25.259170
-848.939724 576.957445

0.011560 1.239582
0.326939 0.922701
0.062914 0.519382
0.989744 1.139739
1.228560 1.921940
-5.090202 -0.615087
6.712951 -5.002468
3.498581 19.821832
16.788064 25.793648
-850.842190 578.241787

0.010294 1.243653
0.126253 1.537236
0.683502 1.497410
0.161468 0.258525
-1.655077 1.318237
-3.965158 -2.375919
7.701407 -3.631078
2.366641 20.047718
16.023323 26.304763
-852.744636 579.526116

0.008504 1.247129
-0.332303 1.033995
-0.419867 1.835242
-0.903656 0.801573
1.126900 0.392921
-2.209585 -3.559829
8.435741 -2.098879
1.226039 20.204505
15.243346 26.792036
-854.647063 580.810431

0.006440 1.249814
0.182446 0.820928
-0.458525 0.692475
-0.705513 1.969968
-1.024129 2.480828
-0.087925 -3.943009
8.888116 -0.454944
0.080997 20.292126
14.448880 27.255014
-856.549470 582.094734

0.004444 1.251616
0.314934 1.409357
0.661553 0.960701
0.479202 2.123328
-0.190299 -0.267394
2.046593 -3.412915
9.041038 1.246278
-1.064311 20.310773
13.640684 27.693264
-858.451858 583.379023

0.002908 1.252595
-0.357963 1.249855
0.098660 1.970462
0.955802 1.008734
0.363545 2.682580
3.797290 -2.015501
8.888531 2.947494
-2.205767 20.260887
12.819529 28.106381
-860.354227 584.663299

0.002174 1.252991
0.007016 0.787182
-0.721319 1.168444
0.009778 0.253934
-1.390976 0.382167
4.804430 0.018554
8.436535 4.591372
-3.339325 20.143151
11.986201 28.493981
-862.256576 585.947562

0.002436 1.253182
0.389359 1.207311
0.268315 0.583406
-0.963778 0.938534
1.355096 1.542603
4.845446 2.299861
7.702455 6.123334
-4.461024 19.958477
11.141495 28.855705
-864.158907 587.231813

0.003702 1.253619
-0.249267 1.455633
0.569151 1.700229
-0.599086 2.065146
-1.604118 1.670601
3.910310 4.371374
6.713916 7.494101
-5.566995 19.707998
10.286219 29.191219
-866.061218 588.516050

0.005764 1.254707
-0.160913 0.832767
-0.578324 1.689900
0.601348 2.046155
0.852044 0.097933
2.205829 5.832598
5.507006 8.661877
-6.653475 19.393050
9.421185 29.500210
-867.963511 589.800275

0.008273 1.256689
0.359968 1.015136
-0.268202 0.587216
0.915117 0.874030
-0.702544 2.662442
0.085374 6.436804
4.124411 9.593871
-7.716815 19.015165
8.547216 29.782393
-869.865785 591.084487

0.010836 1.259620
-0.018290 1.565734
0.725271 1.182368
-0.125247 0.267419
-0.553803 -0.201013
-2.052432 6.123648
2.613243 10.266804
-8.753490 18.576057
7.665143 30.037512
-871.768040 592.368686

0.013099 1.263405
-0.292242 0.963586
-0.110512 1.978546
-0.988199 1.085993
0.728410 2.515228
-3.848006 4.995742
1.022664 10.666869
-9.760118 18.077622
6.775804 30.265337
-873.670276 593.652872

0.014778 1.267848
0.251051 0.881473
-0.650450 0.972996
-0.466949 2.154333
-1.544983 0.705158
-5.029258 3.270990
-0.598177 10.789418
-10.733458 17.521929
5.880045 30.465663
-875.572494 594.937046

0.015699 1.272670
0.226031 1.517240
0.471382 0.715860
0.719450 1.966946
1.391439 1.145286
-5.430949 1.235503
-2.201790 10.638284
-11.670415 16.911211
4.978717 30.638312
-877.474693 596.221207

0.015814 1.277566
-0.358453 1.163581
0.420759 1.875228
0.856907 0.764416
-1.457292 2.016364
-4.999263 -0.794207
-3.743633 10.224843
-12.568040 16.247853
4.072676 30.783132
-879.376874 597.505356

0.015162 1.282229
0.090011 0.822656
-0.671971 1.524983
-0.261831 0.317259
0.525146 -0.091388
-3.792114 -2.502216
-5.183068 9.566962
-13.423536 15.534372
3.162785 30.899996
-881.279036 598.789492

0.013886 1.286377
0.367723 1.348410
-0.048817 0.566347
-1.002701 1.249498
-0.337602 2.786943
-1.978709 -3.604266
-6.484002 8.687913
-14.234266 14.773410
2.249904 30.988805
-883.181180 600.073616

0.012239 1.289798
-0.323253 1.388969
0.716779 1.433594
-0.338565 2.233410
-0.889883 -0.028791
0.165389 -3.885817
-7.615301 7.615354
-14.997753 13.967722
1.334900 31.049486
-885.083306 601.357728

0.010566 1.292395
-0.089524 0.839361
-0.320956 1.939473
0.807436 1.874678
1.028406 2.273542
2.278378 -3.249193
-8.550997 6.380393
-15.711691 13.120174
0.418639 31.081992
-886.985414 602.641827

0.009243 1.294227
0.380772 1.144897
-0.537303 0.815622
0.766433 0.661730
-1.641170 1.066570
3.961710 -1.760765
-9.270381 5.016757
-16.373948 12.233730
-0.498012 31.086306
-888.887504 603.925914

0.008593 1.295510
-0.160666 1.563012
0.611282 0.903791
-0.403554 0.377540
1.293028 0.761499
4.865188 0.326854
-9.758011 3.560079
-16.982562 11.311449
-1.414184 31.062435
-890.789575 605.209989

0.008811 1.296620
-0.247857 0.929450
0.215569 1.989919
-1.003073 1.401230
-1.256338 2.320973
4.788085 2.609101
-10.003683 2.047266
-17.535749 10.356478
-2.329011 31.010415
-892.691629 606.494052

0.009871 1.297994
0.298498 0.972606
-0.718215 1.326614
-0.203012 2.279622
0.148257 -0.195942
3.748071 4.628257
-10.002393 0.515942
-18.031898 9.372038
-3.241628 30.930306
-894.593665 607.778102

0.011554 1.299988
0.089025 1.598632
0.168553 0.596037
0.884371 1.757693
0.040922 2.805199
1.974725 5.998234
-9.754301 -0.996063
-18.469573 8.361419
-4.151170 30.822195
-896.495684 609.062141

0.013522 1.302802
-0.348142 1.091354
0.642028 1.654047
0.670480 0.564603
-1.177346 0.198200
-0.167943 6.494580
-9.264725 -2.451211
-18.847512 7.327970
-5.056780 30.686193
-898.397684 610.346168

0.015400 1.306459
0.158069 0.871547
-0.494035 1.826590
-0.523741 0.454219
1.255713 1.941477
-2.282606 6.078420
-8.544141 -3.812763
-19.164624 6.275090
-5.957602 30.522437
-900.299667 611.630182

0.016849 1.310840
0.301513 1.479923
-0.361369 0.692225
-0.970482 1.554699
-1.645618 1.429572
-4.018497 4.868319
-7.608205 -5.045323
-19.419993 5.206220
-6.852789 30.331095
-902.201633 612.914185

0.017621 1.315714
-0.362395 1.306219
0.710659 1.126037
-0.052938 2.315274
1.105552 0.418837
-5.115501 3.092046
-6.477757 -6.115452
-19.612874 4.124831
-7.741497 30.112357
-904.103581 614.198176

0.017591 1.320800
-0.013147 0.855209
0.007180 2.045778
0.947420 1.644097
-0.975419 2.577891
-5.421086 1.040754
-5.178796 -6.992358
-19.742704 3.034415
-8.622891 29.866442
-906.005512 615.482155

0.016728 1.325790
0.384853 1.283957
-0.686563 1.137481
0.559285 0.497591
-0.226479 -0.191113
-4.894147 -0.967602
-3.742380 -7.648679
-19.809108 1.938483
-9.496140 29.593596
-907.907425 616.766123

0.015104 1.330365
-0.266372 1.519928
0.377076 0.707948
-0.639926 0.560922
0.422693 2.742701
-3.605428 -2.618880
-2.204404 -8.061355
-19.811894 0.840560
-10.360422 29.294084
-909.809322 618.050079

0.012907 1.334254
-0.186076 0.918371
0.506466 1.860146
-0.930411 1.712617
-1.405352 0.500213
-1.737069 -3.634524
-0.605197 -8.212572
-19.751056 -0.255819
-11.214924 28.968199
-911.711201 619.334023

0.010419 1.337269
0.339906 1.092129
-0.630745 1.683457
0.083602 2.334153
1.372666 1.573964
0.423408 -3.811031
1.011168 -8.090780
-19.626761 -1.347116
-12.058843 28.616258
-913.613063 620.617956

0.008010 1.339335
-0.060984 1.642884
-0.167059 0.637341
0.974806 1.521114
-1.586893 1.798397
2.506225 -3.068105
2.597863 -7.691881
-19.439353 -2.429806
-12.891387 28.238602
-915.514908 621.901877

0.006075 1.340529
-0.324543 1.048158
0.724253 1.370651
0.422794 0.440124
0.812281 0.150950
4.113635 -1.494273
4.106434 -7.020388
-19.189350 -3.500380
-13.711774 27.835595
-917.416736 623.185787

0.004955 1.341111
0.211634 0.949982
-0.221773 2.031283
-0.752929 0.669996
-0.662183 2.763507
4.908777 0.636787
5.488203 -6.090064
-18.877450 -4.555354
-14.519238 27.407628
-919.318547 624.469685

0.004821 1.341495
0.180803 1.599038
-0.610061 0.953436
-0.875825 1.846934
-0.604954 -0.105828
4.715038 2.909086
6.696218 -4.924142
-18.504530 -5.591278
-15.313021 26.955113
-921.220341 625.753572

0.005639 1.342118
-0.388026 1.230350
0.538767 0.859581
0.221126 2.315741
0.763240 2.563788
3.576623 4.868476
7.687505 -3.555259
-18.071649 -6.604745
-16.092381 26.478488
-923.122119 627.037447

0.007195 1.343350
0.047282 0.883572
0.319964 1.994919
0.989864 1.379808
-1.568250 0.821860
1.742377 6.145055
8.425384 -2.024832
-17.580044 -7.592395
-16.856588 25.978209
-925.023880 628.321311

0.009143 1.345398
0.341632 1.420354
-0.705865 1.486286
0.291092 0.391837
1.379812 1.164637
-0.416164 6.535457
8.881651 -0.381735
-17.031138 -8.550922
-17.604926 25.454758
-926.925624 629.605164

0.011105 1.348291
-0.345915 1.440956
0.055202 0.627664
-0.834534 0.788935
-1.439228 2.125813
-2.504160 6.019859
9.038397 1.319684
-16.426527 -9.477086
-18.336695 24.908634
-928.827352 630.889006

0.012752 1.351915
-0.122045 0.905286
0.688452 1.599078
-0.787872 1.974449
0.476698 -0.042385
-4.179145 4.730911
8.889230 3.022121
-15.767988 -10.367716
-19.051210 24.340358
-930.729064 632.172837

0.013851 1.356070
0.366834 1.210620
-0.408488 1.948619
0.366945 2.286106
-0.289938 2.862564
-5.191855 2.905592
8.439743 4.668139
-15.057470 -11.219718
-19.747804 23.750472
-932.630759 633.456656

0.014261 1.360494
-0.188516 1.620547
-0.456265 0.807915
0.991381 1.250688
-0.927811 0.065333
-5.401672 0.840407
7.707144 6.203004
-14.297093 -12.030085
-20.425831 23.139538
-934.532438 634.740465

0.013948 1.364881
-0.272227 1.008475
0.668138 1.067462
0.155186 0.378180
1.064828 2.305423
-4.780194 -1.144638
6.719114 7.577267
-13.489143 -12.795908
-21.084657 22.508141
-936.434100 636.024262

0.012987 1.368945
0.277114 1.042012
0.115885 2.085890
-0.903584 0.932375
-1.643447 1.184808
-3.411630 -2.736973
5.512052 8.748846
-12.636071 -13.514386
-21.723669 21.856883
-938.335746 637.308048

0.011543 1.372442
0.049260 1.678357
-0.712802 1.295342
-0.693205 2.099565
1.276553 0.788686
-1.491725 -3.664325
4.128919 9.684469
-11.740494 -14.182846
-22.342270 21.186383
-940.237376 638.591824

0.009886 1.375197
-0.374067 1.173304
0.269107 0.702876
0.493388 2.241998
-1.223976 2.432106
0.680182 -3.735382
2.616934 10.360438
-10.805200 -14.798748
-22.939883 20.497278
-942.138990 639.875589

0.008371 1.377153
0.119386 0.942216
0.578307 1.818146
0.958761 1.123581
0.098063 -0.125107
2.727741 -2.888112
1.025341 10.762771
-9.833138 -15.359691
-23.515950 19.790221
-944.040588 641.159342

0.007366 1.378416
0.263616 1.565876
-0.572315 1.819504
0.004978 0.379225
0.085692 2.877283
4.255963 -1.232930
-0.596599 10.886819
-8.827416 -15.863416
-24.069935 19.065881
-945.942171 642.443085

0.007154 1.379265
-0.391651 1.372002
-0.276047 0.712636
-0.962156 1.074140
-1.216212 0.305936
4.942402 0.936880
-2.201282 10.736514
-7.791288 -16.307822
-24.601321 18.324945
-947.843737 643.726818

0.007864 1.380095
-0.057709 0.920454
0.721519 1.295841
-0.586819 2.197510
1.269693 1.966107
4.634157 3.195475
-3.744078 10.323392
-6.728145 -16.690969
-25.109614 17.568112
-949.745287 645.010539

0.009429 1.381341
0.359670 1.352540
-0.106908 2.097800
0.612948 2.166660
-1.648722 1.543871
3.400815 5.092939
-5.184286 9.665496
-5.641512 -17.011099
-25.594342 16.796098
-951.646822 646.294250

0.011581 1.383339
-0.294788 1.567814
-0.656563 1.095260
0.914536 0.991447
1.068231 0.444747
1.509654 6.275388
-6.485784 8.786284
-4.535041 -17.266647
-26.055055 16.009634
-953.548341 647.577950

0.013950 1.386242
-0.217504 0.982484
0.464095 0.824963
-0.132047 0.395348
-0.940005 2.668421
-0.660491 6.560329
-7.617414 7.713585
-3.412502 -17.456248
-26.491324 15.209462
-955.449844 648.861640

0.016154 1.390040
0.326402 1.149072
0.427035 1.983731
-0.986877 1.222471
-0.275063 -0.122795
-2.717389 5.947190
-8.553172 6.478648
-2.277773 -17.578754
-26.902741 14.396337
-957.351332 650.145319

0.017867 1.394591
-0.088152 1.698060
-0.666786 1.644408
-0.454960 2.285771
0.472070 2.788229
-4.327399 4.583083
-9.272258 5.115284
-1.134835 -17.633241
-27.288925 13.571024
-959.252805 651.428987

0.018854 1.399654
-0.337726 1.121720
-0.051030 0.680350
0.729565 2.086754
-1.423749 0.603440
-5.253073 2.714322
-9.759098 3.659101
0.012246 -17.619018
-27.649515 12.734300
-961.154262 652.712646

0.018996 1.404922
0.199070 1.015362
0.724973 1.541762
0.854885 0.883253
1.388431 1.588381
-5.366803 0.642294
-10.003435 2.146861
1.159326 -17.535634
-27.984178 11.886952
-963.055703 653.996293

